0 2 1.272 0.179550351525682 0.100290658333528 0.8 0.01 0.67 0.17 0.00881251333333333 0.008 0.00249354042965433 7.43365079365079
2 5 1.272 0.179550351525682 0.100290658333528 0.2 0.04 0.67 0.17 0.00881251333333333 0.008 0.00249354042965433 7.43365079365079
5 10 1.358 0.179550351525682 0.100290658333528 0 0.1 0.67 0.17 0.00881251333333333 0.008 0.00187471395370528 7.43365079365079
10 20 1.402 0.179550351525682 0.100290658333528 0 0.15 0.67 0.17 0.00881251333333333 0.008 0.00160105480837719 7.43365079365079
20 30 1.66 0.19794607704749 0.10943272795696 0 0.15 0.62 0.184 0.007758 0.006 0.000380554421046828 8
30 45 1.58 0.293024867254248 0.181747716396088 0 0.15 0.48 0.303 0.0091372 0.006 9.59104673963625e-05 8
45 60 1.58 0.293024867254248 0.181747716396088 0 0.1 0.48 0.303 0.0091372 0.006 9.59104673963625e-05 8
60 90 1.6 0.287573025271129 0.175820858673808 0 0.1 0.478 0.293 0.0065512 0.006 9.15478172492595e-05 8.1
90 105 1.62 0.259451971111701 0.155313509041312 0 0.08 0.527 0.259 0.0032756 0.004 0.000152331085507805 8.2
105 120 1.59 0.214911346801241 0.126882362432992 0 0.06 0.62 0.213 0.0020688 0.002 0.000429087111498398 8.4
120 150 1.68 0.238640076195718 0.141232667048008 0 0.04 0.567 0.236 0.0015516 0 0.000147136627456156 8.4
150 180 1.68 0.21271061891486 0.123334686642784 0 0.02 0.613 0.207 0.0010344 0 0.000252584245809426 8.4
180 210 1.68 0.21271061891486 0.123334686642784 0 0 0.613 0.207 0.0010344 0 0.000252584245809426 8.4
