MON   YR       DPM      RPM      BIO      HUM    TOTAL       CO2     D14C
 12 1940    0.0000   3.6651   0.3798  16.3510  22.4960    1.5545  -103.59
 12 1941    0.0325   3.6226   0.4080  16.3652  22.5283    2.9626  -104.25
 12 1942    0.0070   3.1862   0.3741  16.3090  21.9763    3.8752  -106.93
 12 1943    0.0133   2.8354   0.3443  16.2435  21.5365    4.7173  -109.22
 12 1944    0.0046   2.4429   0.3057  16.1544  21.0077    5.3884  -111.90
 12 1945    0.0117   2.1812   0.2818  16.0691  20.6438    6.0787  -114.15
 12 1946    0.0083   1.9750   0.2641  15.9837  20.3310    6.7614  -116.18
 12 1947    0.0067   1.7491   0.2411  15.8843  19.9812    7.3386  -118.29
 12 1948    0.0108   1.6152   0.2295  15.7911  19.7466    7.9515  -119.96
 12 1949    0.0109   1.5147   0.2214  15.6990  19.5459    8.5649  -121.47
 12 1950    0.0104   1.4343   0.2149  15.6068  19.3663    9.1696  -122.69
 12 1951    0.0101   1.3747   0.2103  15.5154  19.2104    9.7734  -123.80
 12 1952    0.0193   1.3718   0.2122  15.4311  19.1344   10.4195  -124.53
 12 1953    0.0116   1.3015   0.2050  15.3368  18.9549   10.9885  -125.74
 12 1954    0.0094   1.2317   0.1970  15.2395  18.7776   11.5289  -126.89
 12 1955    0.0163   1.1894   0.1919  15.1433  18.6410   12.0689  -127.61
 12 1956    0.0079   1.0961   0.1805  15.0381  18.4226   12.5377  -128.72
 12 1957    0.0096   1.0800   0.1793  14.9430  18.3120   13.0697  -128.38
 12 1958    0.0116   1.0862   0.1810  14.8523  18.2312   13.6250  -126.88
 12 1959    0.0127   1.0555   0.1771  14.7555  18.1009   14.1296  -125.40
 12 1960    0.0096   1.0616   0.1787  14.6662  18.0161   14.6800  -123.91
 12 1961    0.0022   0.9273   0.1602  14.5514  17.7411   15.0431  -125.96
 12 1962    0.0022   0.8127   0.1443  14.4335  17.4927   15.3754  -127.55
 12 1963    0.0021   0.7232   0.1325  14.3157  17.2735   15.6982  -126.97
 12 1964    0.0018   0.6344   0.1208  14.1943  17.0514   15.9871  -127.65
 12 1965    0.0012   0.5544   0.1106  14.0713  16.8375   16.2545  -129.02
 12 1966    0.0021   0.5006   0.1040  13.9501  16.6567   16.5250  -129.40
 12 1967    0.0021   0.4602   0.0992  13.8301  16.4916   16.7939  -129.69
 12 1968    0.0018   0.4209   0.0944  13.7094  16.3265   17.0486  -130.53
 12 1969    0.0010   0.3755   0.0887  13.5867  16.1520   17.2797  -132.20
 12 1970    0.0010   0.3401   0.0843  13.4647  15.9901   17.5058  -133.66
 12 1971    0.0017   0.3135   0.0809  13.3436  15.8397   17.7287  -134.88
 12 1972    0.0006   0.2735   0.0757  13.2200  15.6698   17.9237  -137.06
 12 1973    0.0019   0.2574   0.0737  13.0998  15.5328   18.1331  -138.17
 12 1974    0.0011   0.2406   0.0717  12.9802  15.3936   18.3369  -139.50
 12 1975    0.0011   0.2249   0.0696  12.8610  15.2565   18.5339  -140.85
 12 1976    0.0019   0.2203   0.0690  12.7441  15.1353   18.7383  -141.78
 12 1977    0.0014   0.2148   0.0682  12.6283  15.0127   18.9401  -142.88
 12 1978    0.0017   0.2187   0.0687  12.5150  14.9040   19.1512  -143.65
 12 1979    0.0017   0.2200   0.0687  12.4026  14.7929   19.3593  -144.59
 12 1980    0.0027   0.2223   0.0687  12.2914  14.6850   19.5663  -145.52
 12 1981    0.0012   0.2091   0.0666  12.1787  14.5556   19.7546  -147.13
 12 1982    0.0018   0.2096   0.0664  12.0689  14.4468   19.9542  -148.23
 12 1983    0.0022   0.2063   0.0656  11.9594  14.3335   20.1472  -149.50
 12 1984    0.0013   0.1928   0.0585  11.8422  14.1948   20.3370  -151.36
 12 1985    0.0016   0.1948   0.0545  11.7277  14.0785   20.5410  -152.71
 12 1986    0.0021   0.2027   0.0523  11.6151  13.9723   20.7518  -153.86
 12 1987    0.0019   0.1980   0.0496  11.5021  13.8517   20.9453  -155.40
 12 1988    0.0017   0.1967   0.0479  11.3907  13.7369   21.1410  -156.84
 12 1989    0.0020   0.1952   0.0465  11.2801  13.6237   21.3334  -158.28
 12 1990    0.0022   0.1957   0.0456  11.1709  13.5144   21.5267  -159.67
 12 1991    0.0021   0.2032   0.0457  11.0639  13.4149   21.7298  -160.87
 12 1992    0.0018   0.1961   0.0443  10.9562  13.2984   21.9130  -162.47
 12 1993    0.0012   0.1850   0.0427  10.8488  13.1778   22.0872  -164.20
 12 1994    0.0021   0.1892   0.0428  10.7442  13.0782   22.2765  -165.49
 12 1995    0.0022   0.1978   0.0433  10.6414  12.9846   22.4738  -166.68
 12 1996    0.0018   0.1997   0.0432  10.5392  12.8839   22.6642  -168.06
 12 1997    0.0010   0.1892   0.0418  10.4363  12.7683   22.8363  -169.77
 12 1998    0.0010   0.1830   0.0409  10.3347  12.6597   23.0092  -171.36
 12 1999    0.0017   0.1811   0.0404  10.2345  12.5576   23.1838  -172.84
 12 2000    0.0006   0.1619   0.0383  10.1328  12.4336   23.3329  -174.81
 12 2001    0.0019   0.1633   0.0382  10.0343  12.3376   23.5013  -176.22
 12 2002    0.0012   0.1614   0.0379   9.9365  12.2370   23.6664  -177.75
 12 2003    0.0107   0.2629   0.0548   9.8867  12.3151   23.9101  -175.76
 12 2004    0.0241   0.4228   0.0787   9.8520  12.4776   24.2562  -172.14
 12 2005    0.0615   0.9988   0.1590   9.9007  13.2199   25.1890  -158.09
 12 2006    0.0464   1.1042   0.1739   9.8870  13.3116   25.6846  -156.25
 12 2007    0.0037   0.9943   0.1601   9.8417  13.0998   25.9565  -159.65
 12 2008    0.0509   1.2001   0.1841   9.8405  13.3757   26.5364  -154.79
 12 2009    0.0206   1.1892   0.1837   9.8162  13.3097   26.9532  -155.69
 12 2010    0.0126   1.1447   0.1765   9.7830  13.2168   27.3065  -157.06
 12 2011    0.0387   1.2192   0.1839   9.7658  13.3076   27.7703  -155.43
 12 2012    0.0244   1.2551   0.1894   9.7498  13.3187   28.2411  -155.11
 12 2013    0.0168   1.2519   0.1886   9.7274  13.2848   28.6663  -155.53
 12 2014    0.0231   1.2853   0.1920   9.7102  13.3106   29.1266  -155.00
 12 2015    0.0243   1.3254   0.1969   9.6963  13.3430   29.6097  -154.38
 12 2016    0.0287   1.3895   0.2049   9.6883  13.4114   30.1326  -153.23
 12 2017    0.0232   1.3945   0.2052   9.6727  13.3956   30.6020  -153.38
 12 2018    0.0419   1.4440   0.2099   9.6624  13.4581   31.1076  -152.34
 12 2019    0.0141   1.3901   0.2039   9.6409  13.3490   31.5339  -153.92
 12 2020    0.0251   1.4833   0.2158   9.6411  13.4653   32.1125  -152.06
 12 2021    0.0189   1.4756   0.2145   9.6277  13.4367   32.5943  -152.40
 12 2022    0.0380   1.5883   0.2285   9.6331  13.5878   33.2078  -150.09
 12 2023    0.0159   1.5218   0.2200   9.6145  13.4723   33.6526  -151.71
 12 2024    0.0283   1.5735   0.2258   9.6115  13.5392   34.2068  -150.64
 12 2025    0.0209   1.5752   0.2262   9.6037  13.5260   34.7267  -150.76
 12 2026    0.0417   1.6583   0.2357   9.6077  13.6434   35.3286  -148.98
 12 2027    0.0159   1.6173   0.2315   9.5974  13.5622   35.8310  -150.07
 12 2028    0.0257   1.7289   0.2462   9.6107  13.7115   36.4989  -147.86
 12 2029    0.0226   1.7433   0.2477   9.6111  13.7248   37.0763  -147.61
 12 2030    0.0265   1.7840   0.2525   9.6163  13.7794   37.6877  -146.77
 12 2031    0.0236   1.7977   0.2540   9.6187  13.7940   38.2796  -146.51
 12 2032    0.0294   1.8589   0.2616   9.6297  13.8797   38.9328  -145.26
 12 2033    0.0312   1.8967   0.2662   9.6387  13.9327   39.5719  -144.47
 12 2034    0.0533   1.9575   0.2722   9.6499  14.0329   40.2271  -143.04
 12 2035    0.0159   1.8548   0.2602   9.6407  13.8716   40.7394  -145.13
 12 2036    0.0391   1.9344   0.2692   9.6545  13.9972   41.4128  -143.37
 12 2037    0.0240   1.9108   0.2668   9.6566  13.9582   42.0049  -143.81
 12 2038    0.0260   1.9466   0.2714   9.6674  14.0114   42.6585  -143.02
 12 2039    0.0486   1.9774   0.2734   9.6746  14.0739   43.2873  -142.13
 12 2040    0.0330   1.9832   0.2754   9.6836  14.0751   43.9289  -142.04
 12 2041    0.0188   1.9069   0.2653   9.6773  13.9684   44.4641  -143.36
 12 2042    0.0292   1.9092   0.2646   9.6800  13.9830   45.0612  -143.08
 12 2043    0.0267   1.8950   0.2629   9.6812  13.9657   45.6485  -143.22
 12 2044    0.0386   1.9483   0.2695   9.6925  14.0490   46.3076  -142.04
 12 2045    0.0250   1.8984   0.2635   9.6895  13.9763   46.8658  -142.92
 12 2046    0.0534   1.9364   0.2664   9.6954  14.0514   47.4862  -141.86
 12 2047    0.0150   1.8305   0.2548   9.6845  13.8847   47.9892  -143.97
 12 2048    0.0298   1.9325   0.2683   9.7032  14.0338   48.7009  -141.93
