MON   YR       DPM      RPM      BIO      HUM    TOTAL       CO2     D14C
 12 1940    0.0000   3.6651   0.3798  16.3510  22.4960    1.5545  -103.59
 12 1941    0.0325   3.6226   0.4080  16.3652  22.5283    2.9626  -104.25
 12 1942    0.0070   3.1862   0.3741  16.3090  21.9763    3.8752  -106.93
 12 1943    0.0133   2.8354   0.3443  16.2435  21.5365    4.7173  -109.22
 12 1944    0.0046   2.4429   0.3057  16.1544  21.0077    5.3884  -111.90
 12 1945    0.0117   2.1812   0.2818  16.0691  20.6438    6.0787  -114.15
 12 1946    0.0083   1.9750   0.2641  15.9837  20.3310    6.7614  -116.18
 12 1947    0.0067   1.7491   0.2411  15.8843  19.9812    7.3386  -118.29
 12 1948    0.0108   1.6152   0.2295  15.7911  19.7466    7.9515  -119.96
 12 1949    0.0109   1.5147   0.2214  15.6990  19.5459    8.5649  -121.47
 12 1950    0.0104   1.4343   0.2149  15.6068  19.3663    9.1696  -122.69
 12 1951    0.0101   1.3747   0.2103  15.5154  19.2104    9.7734  -123.80
 12 1952    0.0193   1.3718   0.2122  15.4311  19.1344   10.4195  -124.53
 12 1953    0.0116   1.3015   0.2050  15.3368  18.9549   10.9885  -125.74
 12 1954    0.0094   1.2317   0.1970  15.2395  18.7776   11.5289  -126.89
 12 1955    0.0163   1.1894   0.1919  15.1433  18.6410   12.0689  -127.61
 12 1956    0.0079   1.0961   0.1805  15.0381  18.4226   12.5377  -128.72
 12 1957    0.0096   1.0800   0.1793  14.9430  18.3120   13.0697  -128.38
 12 1958    0.0116   1.0862   0.1810  14.8523  18.2312   13.6250  -126.88
 12 1959    0.0127   1.0555   0.1771  14.7555  18.1009   14.1296  -125.40
 12 1960    0.0096   1.0616   0.1787  14.6662  18.0161   14.6800  -123.91
 12 1961    0.0022   0.9273   0.1602  14.5514  17.7411   15.0431  -125.96
 12 1962    0.0022   0.8127   0.1443  14.4335  17.4927   15.3754  -127.55
 12 1963    0.0021   0.7232   0.1325  14.3157  17.2735   15.6982  -126.97
 12 1964    0.0018   0.6344   0.1208  14.1943  17.0514   15.9871  -127.65
 12 1965    0.0012   0.5544   0.1106  14.0713  16.8375   16.2545  -129.02
 12 1966    0.0021   0.5006   0.1040  13.9501  16.6567   16.5250  -129.40
 12 1967    0.0021   0.4602   0.0992  13.8301  16.4916   16.7939  -129.69
 12 1968    0.0018   0.4209   0.0944  13.7094  16.3265   17.0486  -130.53
 12 1969    0.0010   0.3755   0.0887  13.5867  16.1520   17.2797  -132.20
 12 1970    0.0010   0.3401   0.0843  13.4647  15.9901   17.5058  -133.66
 12 1971    0.0017   0.3135   0.0809  13.3436  15.8397   17.7287  -134.88
 12 1972    0.0006   0.2735   0.0757  13.2200  15.6698   17.9237  -137.06
 12 1973    0.0019   0.2574   0.0737  13.0998  15.5328   18.1331  -138.17
 12 1974    0.0011   0.2406   0.0717  12.9802  15.3936   18.3369  -139.50
 12 1975    0.0011   0.2249   0.0696  12.8610  15.2565   18.5339  -140.85
 12 1976    0.0019   0.2203   0.0690  12.7441  15.1353   18.7383  -141.78
 12 1977    0.0014   0.2148   0.0682  12.6283  15.0127   18.9401  -142.88
 12 1978    0.0017   0.2187   0.0687  12.5150  14.9040   19.1512  -143.65
 12 1979    0.0017   0.2200   0.0687  12.4026  14.7929   19.3593  -144.59
 12 1980    0.0027   0.2223   0.0687  12.2914  14.6850   19.5663  -145.52
 12 1981    0.0012   0.2091   0.0666  12.1787  14.5556   19.7546  -147.13
 12 1982    0.0018   0.2096   0.0664  12.0689  14.4468   19.9542  -148.23
 12 1983    0.0022   0.2063   0.0656  11.9594  14.3335   20.1472  -149.50
 12 1984    0.0013   0.1928   0.0585  11.8422  14.1948   20.3370  -151.36
 12 1985    0.0016   0.1948   0.0545  11.7277  14.0785   20.5410  -152.71
 12 1986    0.0021   0.2027   0.0523  11.6151  13.9723   20.7518  -153.86
 12 1987    0.0019   0.1980   0.0496  11.5021  13.8517   20.9453  -155.40
 12 1988    0.0017   0.1967   0.0479  11.3907  13.7369   21.1410  -156.84
 12 1989    0.0020   0.1952   0.0465  11.2801  13.6237   21.3334  -158.28
 12 1990    0.0022   0.1957   0.0456  11.1709  13.5144   21.5267  -159.67
 12 1991    0.0021   0.2032   0.0457  11.0639  13.4149   21.7298  -160.87
 12 1992    0.0018   0.1961   0.0443  10.9562  13.2984   21.9130  -162.47
 12 1993    0.0012   0.1850   0.0427  10.8488  13.1778   22.0872  -164.20
 12 1994    0.0021   0.1892   0.0428  10.7442  13.0782   22.2765  -165.49
 12 1995    0.0022   0.1978   0.0433  10.6414  12.9846   22.4738  -166.68
 12 1996    0.0018   0.1997   0.0432  10.5392  12.8839   22.6642  -168.06
 12 1997    0.0010   0.1892   0.0418  10.4363  12.7683   22.8363  -169.77
 12 1998    0.0010   0.1830   0.0409  10.3347  12.6597   23.0092  -171.36
 12 1999    0.0017   0.1811   0.0404  10.2345  12.5576   23.1838  -172.84
 12 2000    0.0006   0.1619   0.0383  10.1328  12.4336   23.3329  -174.81
 12 2001    0.0019   0.1633   0.0382  10.0343  12.3376   23.5013  -176.22
 12 2002    0.0012   0.1614   0.0379   9.9365  12.2370   23.6664  -177.75
 12 2003    0.0127   0.2614   0.0548   9.8781  12.3071   23.9181  -175.87
 12 2004    0.0650   0.7235   0.1188   9.8872  12.8947   24.6409  -164.02
 12 2005    0.0495   0.9113   0.1471   9.8727  13.0805   25.1975  -160.32
 12 2006    0.1075   1.1615   0.1763   9.8681  13.4133   25.8234  -154.29
 12 2007    0.0037   1.0309   0.1652   9.8246  13.1243   26.1752  -158.94
 12 2008    0.0156   0.9981   0.1578   9.7808  13.0523   26.5219  -159.93
 12 2009    0.0192   0.9983   0.1565   9.7429  13.0169   26.9076  -160.31
 12 2010    0.0161   0.9894   0.1548   9.7045  12.9649   27.2869  -161.00
 12 2011    0.0316   1.0023   0.1547   9.6672  12.9558   27.6714  -160.96
 12 2012    0.0105   0.9418   0.1475   9.6219  12.8218   27.9970  -163.07
 12 2013    0.0320   1.0778   0.1650   9.6062  12.9810   28.5279  -160.19
 12 2014    0.0191   1.0667   0.1639   9.5730  12.9226   28.9344  -161.00
 12 2015    0.0327   1.1981   0.1810   9.5635  13.0753   29.5064  -158.31
 12 2016    0.0236   1.2035   0.1816   9.5385  13.0473   29.9683  -158.62
 12 2017    0.0429   1.3304   0.1973   9.5331  13.2037   30.5661  -155.99
 12 2018    0.0296   1.3184   0.1956   9.5110  13.1546   31.0464  -156.63
 12 2019    0.0204   1.3072   0.1939   9.4889  13.1103   31.5250  -157.21
 12 2020    0.0252   1.3245   0.1952   9.4700  13.1148   32.0247  -156.99
 12 2021    0.0304   1.3943   0.2041   9.4619  13.1907   32.5997  -155.68
 12 2022    0.0291   1.4096   0.2057   9.4472  13.1915   33.1273  -155.54
 12 2023    0.0147   1.3318   0.1950   9.4177  13.0593   33.5497  -157.48
 12 2024    0.0338   1.4076   0.2040   9.4097  13.1550   34.1213  -155.87
 12 2025    0.0195   1.3988   0.2035   9.3935  13.1153   34.6349  -156.36
 12 2026    0.0642   1.5074   0.2146   9.3905  13.2767   35.2402  -153.78
 12 2027    0.0104   1.4067   0.2046   9.3660  13.0877   35.6945  -156.54
 12 2028    0.0420   1.5146   0.2168   9.3664  13.2398   36.3216  -154.10
 12 2029    0.0167   1.4831   0.2141   9.3523  13.1662   36.8476  -155.10
 12 2030    0.0375   1.5432   0.2204   9.3482  13.2493   37.4427  -153.73
 12 2031    0.0183   1.5047   0.2161   9.3335  13.1725   37.9623  -154.77
 12 2032    0.0525   1.6121   0.2281   9.3373  13.3300   38.6120  -152.33
 12 2033    0.0221   1.5726   0.2247   9.3266  13.2460   39.1596  -153.45
 12 2034    0.0656   1.6720   0.2346   9.3300  13.4022   39.8056  -151.03
 12 2035    0.0128   1.5557   0.2222   9.3102  13.2008   40.2881  -153.87
 12 2036    0.0509   1.6740   0.2355   9.3181  13.3785   40.9653  -151.16
 12 2037    0.0239   1.6511   0.2342   9.3130  13.3221   41.5506  -151.86
 12 2038    0.0352   1.6958   0.2392   9.3149  13.3850   42.1851  -150.83
 12 2039    0.0266   1.6404   0.2316   9.3020  13.3006   42.7162  -151.94
 12 2040    0.0376   1.6563   0.2327   9.2978  13.3244   43.3067  -151.49
 12 2041    0.0157   1.5679   0.2218   9.2791  13.1845   43.7952  -153.41
 12 2042    0.0351   1.5843   0.2226   9.2712  13.2132   44.3584  -152.87
 12 2043    0.0281   1.5834   0.2233   9.2642  13.1990   44.9279  -152.96
 12 2044    0.0577   1.6823   0.2349   9.2707  13.3456   45.5918  -150.71
 12 2045    0.0210   1.6055   0.2270   9.2571  13.2106   46.1140  -152.56
 12 2046    0.0650   1.6643   0.2313   9.2548  13.3155   46.7155  -150.93
 12 2047    0.0122   1.5399   0.2183   9.2336  13.1040   47.1838  -153.90
 12 2048    0.0456   1.6530   0.2317   9.2414  13.2718   47.8544  -151.34
