MON   YR       DPM      RPM      BIO      HUM    TOTAL       CO2     D14C
 12 1940    0.0000   3.6651   0.3798  16.3510  22.4960    1.5545  -103.59
 12 1941    0.0325   3.6226   0.4080  16.3652  22.5283    2.9626  -104.25
 12 1942    0.0070   3.1862   0.3741  16.3090  21.9763    3.8752  -106.93
 12 1943    0.0133   2.8354   0.3443  16.2435  21.5365    4.7173  -109.22
 12 1944    0.0046   2.4429   0.3057  16.1544  21.0077    5.3884  -111.90
 12 1945    0.0117   2.1812   0.2818  16.0691  20.6438    6.0787  -114.15
 12 1946    0.0083   1.9750   0.2641  15.9837  20.3310    6.7614  -116.18
 12 1947    0.0067   1.7491   0.2411  15.8843  19.9812    7.3386  -118.29
 12 1948    0.0108   1.6152   0.2295  15.7911  19.7466    7.9515  -119.96
 12 1949    0.0109   1.5147   0.2214  15.6990  19.5459    8.5649  -121.47
 12 1950    0.0104   1.4343   0.2149  15.6068  19.3663    9.1696  -122.69
 12 1951    0.0101   1.3747   0.2103  15.5154  19.2104    9.7734  -123.80
 12 1952    0.0193   1.3718   0.2122  15.4311  19.1344   10.4195  -124.53
 12 1953    0.0116   1.3015   0.2050  15.3368  18.9549   10.9885  -125.74
 12 1954    0.0094   1.2317   0.1970  15.2395  18.7776   11.5289  -126.89
 12 1955    0.0163   1.1894   0.1919  15.1433  18.6410   12.0689  -127.61
 12 1956    0.0079   1.0961   0.1805  15.0381  18.4226   12.5377  -128.72
 12 1957    0.0096   1.0800   0.1793  14.9430  18.3120   13.0697  -128.38
 12 1958    0.0116   1.0862   0.1810  14.8523  18.2312   13.6250  -126.88
 12 1959    0.0127   1.0555   0.1771  14.7555  18.1009   14.1296  -125.40
 12 1960    0.0096   1.0616   0.1787  14.6662  18.0161   14.6800  -123.91
 12 1961    0.0022   0.9273   0.1602  14.5514  17.7411   15.0431  -125.96
 12 1962    0.0022   0.8127   0.1443  14.4335  17.4927   15.3754  -127.55
 12 1963    0.0021   0.7232   0.1325  14.3157  17.2735   15.6982  -126.97
 12 1964    0.0018   0.6344   0.1208  14.1943  17.0514   15.9871  -127.65
 12 1965    0.0012   0.5544   0.1106  14.0713  16.8375   16.2545  -129.02
 12 1966    0.0021   0.5006   0.1040  13.9501  16.6567   16.5250  -129.40
 12 1967    0.0021   0.4602   0.0992  13.8301  16.4916   16.7939  -129.69
 12 1968    0.0018   0.4209   0.0944  13.7094  16.3265   17.0486  -130.53
 12 1969    0.0010   0.3755   0.0887  13.5867  16.1520   17.2797  -132.20
 12 1970    0.0010   0.3401   0.0843  13.4647  15.9901   17.5058  -133.66
 12 1971    0.0017   0.3135   0.0809  13.3436  15.8397   17.7287  -134.88
 12 1972    0.0006   0.2735   0.0757  13.2200  15.6698   17.9237  -137.06
 12 1973    0.0019   0.2574   0.0737  13.0998  15.5328   18.1331  -138.17
 12 1974    0.0011   0.2406   0.0717  12.9802  15.3936   18.3369  -139.50
 12 1975    0.0011   0.2249   0.0696  12.8610  15.2565   18.5339  -140.85
 12 1976    0.0019   0.2203   0.0690  12.7441  15.1353   18.7383  -141.78
 12 1977    0.0014   0.2148   0.0682  12.6283  15.0127   18.9401  -142.88
 12 1978    0.0017   0.2187   0.0687  12.5150  14.9040   19.1512  -143.65
 12 1979    0.0017   0.2200   0.0687  12.4026  14.7929   19.3593  -144.59
 12 1980    0.0027   0.2223   0.0687  12.2914  14.6850   19.5663  -145.52
 12 1981    0.0012   0.2091   0.0666  12.1787  14.5556   19.7546  -147.13
 12 1982    0.0018   0.2096   0.0664  12.0689  14.4468   19.9542  -148.23
 12 1983    0.0022   0.2063   0.0656  11.9594  14.3335   20.1472  -149.50
 12 1984    0.0013   0.1928   0.0585  11.8422  14.1948   20.3370  -151.36
 12 1985    0.0016   0.1948   0.0545  11.7277  14.0785   20.5410  -152.71
 12 1986    0.0021   0.2027   0.0523  11.6151  13.9723   20.7518  -153.86
 12 1987    0.0019   0.1980   0.0496  11.5021  13.8517   20.9453  -155.40
 12 1988    0.0017   0.1967   0.0479  11.3907  13.7369   21.1410  -156.84
 12 1989    0.0020   0.1952   0.0465  11.2801  13.6237   21.3334  -158.28
 12 1990    0.0022   0.1957   0.0456  11.1709  13.5144   21.5267  -159.67
 12 1991    0.0021   0.2032   0.0457  11.0639  13.4149   21.7298  -160.87
 12 1992    0.0018   0.1961   0.0443  10.9562  13.2984   21.9130  -162.47
 12 1993    0.0012   0.1850   0.0427  10.8488  13.1778   22.0872  -164.20
 12 1994    0.0021   0.1892   0.0428  10.7442  13.0782   22.2765  -165.49
 12 1995    0.0022   0.1978   0.0433  10.6414  12.9846   22.4738  -166.68
 12 1996    0.0018   0.1997   0.0432  10.5392  12.8839   22.6642  -168.06
 12 1997    0.0010   0.1892   0.0418  10.4363  12.7683   22.8363  -169.77
 12 1998    0.0010   0.1830   0.0409  10.3347  12.6597   23.0092  -171.36
 12 1999    0.0017   0.1811   0.0404  10.2345  12.5576   23.1838  -172.84
 12 2000    0.0006   0.1619   0.0383  10.1328  12.4336   23.3329  -174.81
 12 2001    0.0019   0.1633   0.0382  10.0343  12.3376   23.5013  -176.22
 12 2002    0.0012   0.1614   0.0379   9.9365  12.2370   23.6664  -177.75
 12 2003    0.0127   0.2614   0.0548   9.8781  12.3071   23.9181  -175.87
 12 2004    0.0650   0.7235   0.1188   9.8872  12.8947   24.6409  -164.02
 12 2005    0.0538   0.9476   0.1519   9.8790  13.1323   25.2419  -159.40
 12 2006    0.1042   1.1711   0.1778   9.8719  13.4249   25.8507  -154.09
 12 2007    0.0036   1.0389   0.1662   9.8281  13.1368   26.2009  -158.71
 12 2008    0.0159   1.0078   0.1590   9.7849  13.0676   26.5520  -159.66
 12 2009    0.0197   1.0107   0.1581   9.7480  13.0364   26.9443  -159.97
 12 2010    0.0167   1.0049   0.1568   9.7106  12.9891   27.3315  -160.57
 12 2011    0.0322   1.0193   0.1569   9.6743  12.9826   27.7228  -160.49
 12 2012    0.0129   0.9737   0.1517   9.6322  12.8705   28.0717  -162.21
 12 2013    0.0317   1.1024   0.1683   9.6167  13.0191   28.6051  -159.54
 12 2014    0.0221   1.1076   0.1692   9.5871  12.9860   29.0378  -159.92
 12 2015    0.0321   1.2281   0.1849   9.5777  13.1228   29.6111  -157.51
 12 2016    0.0265   1.2494   0.1875   9.5564  13.1198   30.1002  -157.43
 12 2017    0.0432   1.3697   0.2023   9.5519  13.2671   30.7057  -154.97
 12 2018    0.0337   1.3765   0.2030   9.5344  13.2476   31.2194  -155.15
 12 2019    0.0203   1.3558   0.2002   9.5133  13.1896   31.7071  -155.93
 12 2020    0.0283   1.3910   0.2037   9.4993  13.2223   32.2429  -155.28
 12 2021    0.0302   1.4484   0.2111   9.4920  13.2816   32.8250  -154.24
 12 2022    0.0333   1.4837   0.2150   9.4826  13.3146   33.3919  -153.62
 12 2023    0.0148   1.3929   0.2028   9.4540  13.1646   33.8234  -155.80
 12 2024    0.0362   1.4719   0.2120   9.4486  13.2688   34.4160  -154.09
 12 2025    0.0215   1.4662   0.2120   9.4355  13.2352   34.9539  -154.49
 12 2026    0.0685   1.5788   0.2234   9.4355  13.4063   35.5828  -151.81
 12 2027    0.0114   1.4762   0.2134   9.4138  13.2148   36.0596  -154.55
 12 2028    0.0450   1.5914   0.2265   9.4179  13.3807   36.7163  -151.96
 12 2029    0.0185   1.5604   0.2239   9.4070  13.3097   37.2678  -152.90
 12 2030    0.0402   1.6193   0.2299   9.4054  13.3947   37.8842  -151.54
 12 2031    0.0202   1.5798   0.2255   9.3933  13.3187   38.4268  -152.55
 12 2032    0.0575   1.6972   0.2386   9.4013  13.4947   39.1097  -149.90
 12 2033    0.0252   1.6607   0.2358   9.3945  13.4162   39.6889  -150.91
 12 2034    0.0708   1.7638   0.2459   9.4015  13.5821   40.3647  -148.42
 12 2035    0.0147   1.6446   0.2334   9.3849  13.3776   40.8747  -151.23
 12 2036    0.0545   1.7672   0.2472   9.3966  13.5656   41.5835  -148.45
 12 2037    0.0270   1.7486   0.2465   9.3957  13.5178   42.2036  -149.01
 12 2038    0.0380   1.7979   0.2522   9.4020  13.5900   42.8748  -147.88
 12 2039    0.0301   1.7434   0.2445   9.3929  13.5109   43.4380  -148.89
 12 2040    0.0416   1.7607   0.2458   9.3925  13.5405   44.0615  -148.37
 12 2041    0.0174   1.6683   0.2345   9.3770  13.3973   44.5795  -150.28
 12 2042    0.0401   1.6911   0.2359   9.3734  13.4404   45.1791  -149.56
 12 2043    0.0321   1.6945   0.2372   9.3710  13.4349   45.7882  -149.52
 12 2044    0.0641   1.7998   0.2495   9.3823  13.5957   46.4923  -147.14
 12 2045    0.0234   1.7175   0.2411   9.3722  13.4542   47.0470  -149.02
 12 2046    0.0724   1.7867   0.2465   9.3750  13.5806   47.6922  -147.16
 12 2047    0.0142   1.6560   0.2330   9.3576  13.3608   48.1950  -150.13
 12 2048    0.0491   1.7751   0.2471   9.3703  13.5416   48.9088  -147.48
