MON   YR       DPM      RPM      BIO      HUM    TOTAL       CO2     D14C
 12 1940    0.0000   3.6651   0.3798  16.3510  22.4960    1.5545  -103.59
 12 1941    0.0325   3.6226   0.4080  16.3652  22.5283    2.9626  -104.25
 12 1942    0.0070   3.1862   0.3741  16.3090  21.9763    3.8752  -106.93
 12 1943    0.0133   2.8354   0.3443  16.2435  21.5365    4.7173  -109.22
 12 1944    0.0046   2.4429   0.3057  16.1544  21.0077    5.3884  -111.90
 12 1945    0.0117   2.1812   0.2818  16.0691  20.6438    6.0787  -114.15
 12 1946    0.0083   1.9750   0.2641  15.9837  20.3310    6.7614  -116.18
 12 1947    0.0067   1.7491   0.2411  15.8843  19.9812    7.3386  -118.29
 12 1948    0.0108   1.6152   0.2295  15.7911  19.7466    7.9515  -119.96
 12 1949    0.0109   1.5147   0.2214  15.6990  19.5459    8.5649  -121.47
 12 1950    0.0104   1.4343   0.2149  15.6068  19.3663    9.1696  -122.69
 12 1951    0.0101   1.3747   0.2103  15.5154  19.2104    9.7734  -123.80
 12 1952    0.0193   1.3718   0.2122  15.4311  19.1344   10.4195  -124.53
 12 1953    0.0116   1.3015   0.2050  15.3368  18.9549   10.9885  -125.74
 12 1954    0.0094   1.2317   0.1970  15.2395  18.7776   11.5289  -126.89
 12 1955    0.0163   1.1894   0.1919  15.1433  18.6410   12.0689  -127.61
 12 1956    0.0079   1.0961   0.1805  15.0381  18.4226   12.5377  -128.72
 12 1957    0.0096   1.0800   0.1793  14.9430  18.3120   13.0697  -128.38
 12 1958    0.0116   1.0862   0.1810  14.8523  18.2312   13.6250  -126.88
 12 1959    0.0127   1.0555   0.1771  14.7555  18.1009   14.1296  -125.40
 12 1960    0.0096   1.0616   0.1787  14.6662  18.0161   14.6800  -123.91
 12 1961    0.0022   0.9273   0.1602  14.5514  17.7411   15.0431  -125.96
 12 1962    0.0022   0.8127   0.1443  14.4335  17.4927   15.3754  -127.55
 12 1963    0.0021   0.7232   0.1325  14.3157  17.2735   15.6982  -126.97
 12 1964    0.0018   0.6344   0.1208  14.1943  17.0514   15.9871  -127.65
 12 1965    0.0012   0.5544   0.1106  14.0713  16.8375   16.2545  -129.02
 12 1966    0.0021   0.5006   0.1040  13.9501  16.6567   16.5250  -129.40
 12 1967    0.0021   0.4602   0.0992  13.8301  16.4916   16.7939  -129.69
 12 1968    0.0018   0.4209   0.0944  13.7094  16.3265   17.0486  -130.53
 12 1969    0.0010   0.3755   0.0887  13.5867  16.1520   17.2797  -132.20
 12 1970    0.0010   0.3401   0.0843  13.4647  15.9901   17.5058  -133.66
 12 1971    0.0017   0.3135   0.0809  13.3436  15.8397   17.7287  -134.88
 12 1972    0.0006   0.2735   0.0757  13.2200  15.6698   17.9237  -137.06
 12 1973    0.0019   0.2574   0.0737  13.0998  15.5328   18.1331  -138.17
 12 1974    0.0011   0.2406   0.0717  12.9802  15.3936   18.3369  -139.50
 12 1975    0.0011   0.2249   0.0696  12.8610  15.2565   18.5339  -140.85
 12 1976    0.0019   0.2203   0.0690  12.7441  15.1353   18.7383  -141.78
 12 1977    0.0014   0.2148   0.0682  12.6283  15.0127   18.9401  -142.88
 12 1978    0.0017   0.2187   0.0687  12.5150  14.9040   19.1512  -143.65
 12 1979    0.0017   0.2200   0.0687  12.4026  14.7929   19.3593  -144.59
 12 1980    0.0027   0.2223   0.0687  12.2914  14.6850   19.5663  -145.52
 12 1981    0.0012   0.2091   0.0666  12.1787  14.5556   19.7546  -147.13
 12 1982    0.0018   0.2096   0.0664  12.0689  14.4468   19.9542  -148.23
 12 1983    0.0022   0.2063   0.0656  11.9594  14.3335   20.1472  -149.50
 12 1984    0.0013   0.1928   0.0585  11.8422  14.1948   20.3370  -151.36
 12 1985    0.0016   0.1948   0.0545  11.7277  14.0785   20.5410  -152.71
 12 1986    0.0021   0.2027   0.0523  11.6151  13.9723   20.7518  -153.86
 12 1987    0.0019   0.1980   0.0496  11.5021  13.8517   20.9453  -155.40
 12 1988    0.0017   0.1967   0.0479  11.3907  13.7369   21.1410  -156.84
 12 1989    0.0020   0.1952   0.0465  11.2801  13.6237   21.3334  -158.28
 12 1990    0.0022   0.1957   0.0456  11.1709  13.5144   21.5267  -159.67
 12 1991    0.0021   0.2032   0.0457  11.0639  13.4149   21.7298  -160.87
 12 1992    0.0018   0.1961   0.0443  10.9562  13.2984   21.9130  -162.47
 12 1993    0.0012   0.1850   0.0427  10.8488  13.1778   22.0872  -164.20
 12 1994    0.0021   0.1892   0.0428  10.7442  13.0782   22.2765  -165.49
 12 1995    0.0022   0.1978   0.0433  10.6414  12.9846   22.4738  -166.68
 12 1996    0.0018   0.1997   0.0432  10.5392  12.8839   22.6642  -168.06
 12 1997    0.0010   0.1892   0.0418  10.4363  12.7683   22.8363  -169.77
 12 1998    0.0010   0.1830   0.0409  10.3347  12.6597   23.0092  -171.36
 12 1999    0.0017   0.1811   0.0404  10.2345  12.5576   23.1838  -172.84
 12 2000    0.0006   0.1619   0.0383  10.1328  12.4336   23.3329  -174.81
 12 2001    0.0019   0.1633   0.0382  10.0343  12.3376   23.5013  -176.22
 12 2002    0.0012   0.1614   0.0379   9.9365  12.2370   23.6664  -177.75
 12 2003    0.0127   0.2614   0.0548   9.8781  12.3071   23.9181  -175.87
 12 2004    0.0650   0.7235   0.1188   9.8872  12.8947   24.6409  -164.02
 12 2005    0.0574   0.9838   0.1568   9.8854  13.1834   25.2870  -158.50
 12 2006    0.1007   1.1832   0.1797   9.8762  13.4399   25.8817  -153.83
 12 2007    0.0036   1.0497   0.1675   9.8323  13.1531   26.2311  -158.42
 12 2008    0.0163   1.0201   0.1605   9.7897  13.0867   26.5871  -159.32
 12 2009    0.0208   1.0249   0.1598   9.7536  13.0590   26.9852  -159.57
 12 2010    0.0172   1.0210   0.1589   9.7172  13.0143   27.3797  -160.13
 12 2011    0.0327   1.0359   0.1590   9.6816  13.0092   27.7766  -160.02
 12 2012    0.0153   1.0049   0.1557   9.6427  12.9185   28.1482  -161.37
 12 2013    0.0314   1.1268   0.1715   9.6275  13.0572   28.6845  -158.88
 12 2014    0.0252   1.1482   0.1744   9.6015  13.0492   29.1433  -158.85
 12 2015    0.0315   1.2584   0.1889   9.5922  13.1711   29.7185  -156.71
 12 2016    0.0294   1.2954   0.1934   9.5747  13.1929   30.2350  -156.23
 12 2017    0.0434   1.4086   0.2074   9.5710  13.3303   30.8474  -153.96
 12 2018    0.0379   1.4342   0.2103   9.5580  13.3404   31.3943  -153.68
 12 2019    0.0202   1.4041   0.2065   9.5380  13.2687   31.8910  -154.66
 12 2020    0.0317   1.4574   0.2122   9.5289  13.3302   32.4630  -153.59
 12 2021    0.0298   1.5018   0.2179   9.5222  13.3717   33.0516  -152.84
 12 2022    0.0375   1.5572   0.2244   9.5181  13.4371   33.6576  -151.75
 12 2023    0.0149   1.4542   0.2107   9.4906  13.2704   34.0991  -154.14
 12 2024    0.0390   1.5385   0.2203   9.4882  13.3860   34.7152  -152.29
 12 2025    0.0241   1.5386   0.2211   9.4787  13.3625   35.2813  -152.53
 12 2026    0.0721   1.6637   0.2342   9.4837  13.5538   35.9483  -149.61
 12 2027    0.0136   1.5654   0.2248   9.4662  13.3701   36.4585  -152.19
 12 2028    0.0477   1.6886   0.2389   9.4752  13.5504   37.1530  -149.45
 12 2029    0.0220   1.6610   0.2366   9.4685  13.4881   37.7380  -150.25
 12 2030    0.0428   1.7156   0.2420   9.4700  13.5703   38.3803  -148.96
 12 2031    0.0241   1.6784   0.2378   9.4618  13.5022   38.9543  -149.84
 12 2032    0.0686   1.8255   0.2545   9.4779  13.7265   39.6989  -146.59
 12 2033    0.0305   1.7907   0.2523   9.4769  13.6504   40.3244  -147.54
 12 2034    0.0784   1.9034   0.2635   9.4903  13.8356   41.0503  -144.87
 12 2035    0.0186   1.7806   0.2507   9.4786  13.6285   41.6013  -147.62
 12 2036    0.0626   1.9182   0.2661   9.4976  13.8444   42.3672  -144.56
 12 2037    0.0335   1.9075   0.2666   9.5039  13.8115   43.0452  -144.90
 12 2038    0.0432   1.9650   0.2734   9.5178  13.8995   43.7774  -143.61
 12 2039    0.0352   1.9101   0.2656   9.5149  13.8257   44.3919  -144.51
 12 2040    0.0448   1.9207   0.2659   9.5196  13.8510   45.0598  -144.07
 12 2041    0.0201   1.8246   0.2542   9.5095  13.7083   45.6234  -145.89
 12 2042    0.0496   1.8649   0.2574   9.5138  13.7856   46.2879  -144.74
 12 2043    0.0399   1.8740   0.2597   9.5189  13.7925   46.9587  -144.54
 12 2044    0.0717   1.9937   0.2739   9.5393  13.9786   47.7372  -141.95
 12 2045    0.0288   1.9121   0.2658   9.5366  13.8433   48.3549  -143.65
 12 2046    0.0856   2.0103   0.2745   9.5509  14.0213   49.0913  -141.22
 12 2047    0.0188   1.8713   0.2604   9.5411  13.7916   49.6597  -144.15
 12 2048    0.0527   1.9979   0.2756   9.5633  13.9895   50.4526  -141.44
