MON   YR       DPM      RPM      BIO      HUM    TOTAL       CO2     D14C
 12 1940    0.0000   3.6651   0.3798  16.3510  22.4960    1.5545  -103.59
 12 1941    0.0325   3.6226   0.4080  16.3652  22.5283    2.9626  -104.25
 12 1942    0.0070   3.1862   0.3741  16.3090  21.9763    3.8752  -106.93
 12 1943    0.0133   2.8354   0.3443  16.2435  21.5365    4.7173  -109.22
 12 1944    0.0046   2.4429   0.3057  16.1544  21.0077    5.3884  -111.90
 12 1945    0.0117   2.1812   0.2818  16.0691  20.6438    6.0787  -114.15
 12 1946    0.0083   1.9750   0.2641  15.9837  20.3310    6.7614  -116.18
 12 1947    0.0067   1.7491   0.2411  15.8843  19.9812    7.3386  -118.29
 12 1948    0.0108   1.6152   0.2295  15.7911  19.7466    7.9515  -119.96
 12 1949    0.0109   1.5147   0.2214  15.6990  19.5459    8.5649  -121.47
 12 1950    0.0104   1.4343   0.2149  15.6068  19.3663    9.1696  -122.69
 12 1951    0.0101   1.3747   0.2103  15.5154  19.2104    9.7734  -123.80
 12 1952    0.0193   1.3718   0.2122  15.4311  19.1344   10.4195  -124.53
 12 1953    0.0116   1.3015   0.2050  15.3368  18.9549   10.9885  -125.74
 12 1954    0.0094   1.2317   0.1970  15.2395  18.7776   11.5289  -126.89
 12 1955    0.0163   1.1894   0.1919  15.1433  18.6410   12.0689  -127.61
 12 1956    0.0079   1.0961   0.1805  15.0381  18.4226   12.5377  -128.72
 12 1957    0.0096   1.0800   0.1793  14.9430  18.3120   13.0697  -128.38
 12 1958    0.0116   1.0862   0.1810  14.8523  18.2312   13.6250  -126.88
 12 1959    0.0127   1.0555   0.1771  14.7555  18.1009   14.1296  -125.40
 12 1960    0.0096   1.0616   0.1787  14.6662  18.0161   14.6800  -123.91
 12 1961    0.0022   0.9273   0.1602  14.5514  17.7411   15.0431  -125.96
 12 1962    0.0022   0.8127   0.1443  14.4335  17.4927   15.3754  -127.55
 12 1963    0.0021   0.7232   0.1325  14.3157  17.2735   15.6982  -126.97
 12 1964    0.0018   0.6344   0.1208  14.1943  17.0514   15.9871  -127.65
 12 1965    0.0012   0.5544   0.1106  14.0713  16.8375   16.2545  -129.02
 12 1966    0.0021   0.5006   0.1040  13.9501  16.6567   16.5250  -129.40
 12 1967    0.0021   0.4602   0.0992  13.8301  16.4916   16.7939  -129.69
 12 1968    0.0018   0.4209   0.0944  13.7094  16.3265   17.0486  -130.53
 12 1969    0.0010   0.3755   0.0887  13.5867  16.1520   17.2797  -132.20
 12 1970    0.0010   0.3401   0.0843  13.4647  15.9901   17.5058  -133.66
 12 1971    0.0017   0.3135   0.0809  13.3436  15.8397   17.7287  -134.88
 12 1972    0.0006   0.2735   0.0757  13.2200  15.6698   17.9237  -137.06
 12 1973    0.0019   0.2574   0.0737  13.0998  15.5328   18.1331  -138.17
 12 1974    0.0011   0.2406   0.0717  12.9802  15.3936   18.3369  -139.50
 12 1975    0.0011   0.2249   0.0696  12.8610  15.2565   18.5339  -140.85
 12 1976    0.0019   0.2203   0.0690  12.7441  15.1353   18.7383  -141.78
 12 1977    0.0014   0.2148   0.0682  12.6283  15.0127   18.9401  -142.88
 12 1978    0.0017   0.2187   0.0687  12.5150  14.9040   19.1512  -143.65
 12 1979    0.0017   0.2200   0.0687  12.4026  14.7929   19.3593  -144.59
 12 1980    0.0027   0.2223   0.0687  12.2914  14.6850   19.5663  -145.52
 12 1981    0.0012   0.2091   0.0666  12.1787  14.5556   19.7546  -147.13
 12 1982    0.0018   0.2096   0.0664  12.0689  14.4468   19.9542  -148.23
 12 1983    0.0022   0.2063   0.0656  11.9594  14.3335   20.1472  -149.50
 12 1984    0.0013   0.1928   0.0585  11.8422  14.1948   20.3370  -151.36
 12 1985    0.0016   0.1948   0.0545  11.7277  14.0785   20.5410  -152.71
 12 1986    0.0021   0.2027   0.0523  11.6151  13.9723   20.7518  -153.86
 12 1987    0.0019   0.1980   0.0496  11.5021  13.8517   20.9453  -155.40
 12 1988    0.0017   0.1967   0.0479  11.3907  13.7369   21.1410  -156.84
 12 1989    0.0020   0.1952   0.0465  11.2801  13.6237   21.3334  -158.28
 12 1990    0.0022   0.1957   0.0456  11.1709  13.5144   21.5267  -159.67
 12 1991    0.0021   0.2032   0.0457  11.0639  13.4149   21.7298  -160.87
 12 1992    0.0018   0.1961   0.0443  10.9562  13.2984   21.9130  -162.47
 12 1993    0.0012   0.1850   0.0427  10.8488  13.1778   22.0872  -164.20
 12 1994    0.0021   0.1892   0.0428  10.7442  13.0782   22.2765  -165.49
 12 1995    0.0022   0.1978   0.0433  10.6414  12.9846   22.4738  -166.68
 12 1996    0.0018   0.1997   0.0432  10.5392  12.8839   22.6642  -168.06
 12 1997    0.0010   0.1892   0.0418  10.4363  12.7683   22.8363  -169.77
 12 1998    0.0010   0.1830   0.0409  10.3347  12.6597   23.0092  -171.36
 12 1999    0.0017   0.1811   0.0404  10.2345  12.5576   23.1838  -172.84
 12 2000    0.0006   0.1619   0.0383  10.1328  12.4336   23.3329  -174.81
 12 2001    0.0019   0.1633   0.0382  10.0343  12.3376   23.5013  -176.22
 12 2002    0.0012   0.1614   0.0379   9.9365  12.2370   23.6664  -177.75
 12 2003    0.0128   0.2635   0.0547   9.8864  12.3175   23.9077  -175.71
 12 2004    0.0203   0.3743   0.0721   9.8427  12.4094   24.1906  -173.50
 12 2005    0.0305   0.4904   0.0890   9.8039  12.5139   24.5059  -171.13
 12 2006    0.0818   0.7323   0.1194   9.7875  12.8210   24.9760  -165.04
 12 2007    0.0043   0.6715   0.1174   9.7411  12.6343   25.2344  -168.24
 12 2008    0.0097   0.6440   0.1122   9.6894  12.5553   25.4522  -169.46
 12 2009    0.0184   0.6707   0.1148   9.6466  12.5505   25.7298  -169.31
 12 2010    0.0077   0.6433   0.1114   9.5974  12.4599   25.9603  -170.78
 12 2011    0.0239   0.6837   0.1154   9.5567  12.4798   26.2471  -170.20
 12 2012    0.0064   0.6381   0.1101   9.5061  12.3608   26.4617  -172.20
 12 2013    0.0236   0.7427   0.1234   9.4781  12.4679   26.8327  -170.04
 12 2014    0.0140   0.7284   0.1217   9.4352  12.3993   27.0971  -171.11
 12 2015    0.0301   0.8479   0.1370   9.4142  12.5291   27.5131  -168.59
 12 2016    0.0201   0.8532   0.1378   9.3795  12.4907   27.8318  -169.11
 12 2017    0.0362   0.9553   0.1503   9.3601  12.6020   28.2555  -167.01
 12 2018    0.0221   0.9501   0.1499   9.3285  12.5506   28.5926  -167.75
 12 2019    0.0195   0.9584   0.1505   9.2984  12.5268   28.9382  -168.02
 12 2020    0.0208   0.9755   0.1521   9.2700  12.5184   29.2941  -168.02
 12 2021    0.0226   1.0153   0.1570   9.2468  12.5416   29.6843  -167.47
 12 2022    0.0233   1.0364   0.1593   9.2217  12.5407   30.0606  -167.36
 12 2023    0.0142   0.9948   0.1534   9.1873  12.4497   30.3692  -168.79
 12 2024    0.0309   1.0711   0.1625   9.1702  12.5346   30.7980  -167.20
 12 2025    0.0179   1.0857   0.1652   9.1486  12.5175   31.1944  -167.36
 12 2026    0.0513   1.1775   0.1747   9.1357  12.6393   31.6503  -165.17
 12 2027    0.0086   1.1085   0.1680   9.1064  12.4916   31.9899  -167.54
 12 2028    0.0368   1.2059   0.1789   9.0972  12.6187   32.4696  -165.27
 12 2029    0.0140   1.1869   0.1776   9.0765  12.5550   32.8675  -166.21
 12 2030    0.0278   1.2073   0.1787   9.0578  12.5716   33.2784  -165.81
 12 2031    0.0162   1.1877   0.1764   9.0358  12.5162   33.6654  -166.63
 12 2032    0.0481   1.2836   0.1869   9.0289  12.6475   34.1566  -164.33
 12 2033    0.0213   1.2643   0.1861   9.0118  12.5835   34.5760  -165.26
 12 2034    0.0485   1.3227   0.1915   9.0013  12.6640   35.0409  -163.81
 12 2035    0.0117   1.2432   0.1829   8.9760  12.5138   35.4003  -166.17
 12 2036    0.0448   1.3445   0.1942   8.9727  12.6562   35.9137  -163.71
 12 2037    0.0229   1.3449   0.1958   8.9615  12.6251   36.3716  -164.10
 12 2038    0.0237   1.3431   0.1950   8.9473  12.6092   36.8075  -164.23
 12 2039    0.0214   1.3115   0.1902   8.9280  12.5511   37.2058  -165.08
 12 2040    0.0245   1.2903   0.1867   8.9086  12.5102   37.6032  -165.63
 12 2041    0.0125   1.2296   0.1790   8.8833  12.4044   37.9576  -167.28
 12 2042    0.0312   1.2457   0.1797   8.8661  12.4228   38.3674  -166.85
 12 2043    0.0262   1.2598   0.1823   8.8524  12.4207   38.8006  -166.76
 12 2044    0.0461   1.3259   0.1900   8.8454  12.5075   39.2810  -165.19
 12 2045    0.0180   1.2733   0.1849   8.8251  12.4014   39.6668  -166.83
 12 2046    0.0527   1.3319   0.1900   8.8155  12.4900   40.1261  -165.25
 12 2047    0.0111   1.2412   0.1807   8.7902  12.3232   40.4754  -167.92
 12 2048    0.0357   1.3306   0.1913   8.7875  12.4452   40.9819  -165.76
