MON   YR       DPM      RPM      BIO      HUM    TOTAL       CO2     D14C
 12 1940    0.0000   3.6651   0.3798  16.3510  22.4960    1.5545  -103.59
 12 1941    0.0325   3.6226   0.4080  16.3652  22.5283    2.9626  -104.25
 12 1942    0.0070   3.1862   0.3741  16.3090  21.9763    3.8752  -106.93
 12 1943    0.0133   2.8354   0.3443  16.2435  21.5365    4.7173  -109.22
 12 1944    0.0046   2.4429   0.3057  16.1544  21.0077    5.3884  -111.90
 12 1945    0.0117   2.1812   0.2818  16.0691  20.6438    6.0787  -114.15
 12 1946    0.0083   1.9750   0.2641  15.9837  20.3310    6.7614  -116.18
 12 1947    0.0067   1.7491   0.2411  15.8843  19.9812    7.3386  -118.29
 12 1948    0.0108   1.6152   0.2295  15.7911  19.7466    7.9515  -119.96
 12 1949    0.0109   1.5147   0.2214  15.6990  19.5459    8.5649  -121.47
 12 1950    0.0104   1.4343   0.2149  15.6068  19.3663    9.1696  -122.69
 12 1951    0.0101   1.3747   0.2103  15.5154  19.2104    9.7734  -123.80
 12 1952    0.0193   1.3718   0.2122  15.4311  19.1344   10.4195  -124.53
 12 1953    0.0116   1.3015   0.2050  15.3368  18.9549   10.9885  -125.74
 12 1954    0.0094   1.2317   0.1970  15.2395  18.7776   11.5289  -126.89
 12 1955    0.0163   1.1894   0.1919  15.1433  18.6410   12.0689  -127.61
 12 1956    0.0079   1.0961   0.1805  15.0381  18.4226   12.5377  -128.72
 12 1957    0.0096   1.0800   0.1793  14.9430  18.3120   13.0697  -128.38
 12 1958    0.0116   1.0862   0.1810  14.8523  18.2312   13.6250  -126.88
 12 1959    0.0127   1.0555   0.1771  14.7555  18.1009   14.1296  -125.40
 12 1960    0.0096   1.0616   0.1787  14.6662  18.0161   14.6800  -123.91
 12 1961    0.0022   0.9273   0.1602  14.5514  17.7411   15.0431  -125.96
 12 1962    0.0022   0.8127   0.1443  14.4335  17.4927   15.3754  -127.55
 12 1963    0.0021   0.7232   0.1325  14.3157  17.2735   15.6982  -126.97
 12 1964    0.0018   0.6344   0.1208  14.1943  17.0514   15.9871  -127.65
 12 1965    0.0012   0.5544   0.1106  14.0713  16.8375   16.2545  -129.02
 12 1966    0.0021   0.5006   0.1040  13.9501  16.6567   16.5250  -129.40
 12 1967    0.0021   0.4602   0.0992  13.8301  16.4916   16.7939  -129.69
 12 1968    0.0018   0.4209   0.0944  13.7094  16.3265   17.0486  -130.53
 12 1969    0.0010   0.3755   0.0887  13.5867  16.1520   17.2797  -132.20
 12 1970    0.0010   0.3401   0.0843  13.4647  15.9901   17.5058  -133.66
 12 1971    0.0017   0.3135   0.0809  13.3436  15.8397   17.7287  -134.88
 12 1972    0.0006   0.2735   0.0757  13.2200  15.6698   17.9237  -137.06
 12 1973    0.0019   0.2574   0.0737  13.0998  15.5328   18.1331  -138.17
 12 1974    0.0011   0.2406   0.0717  12.9802  15.3936   18.3369  -139.50
 12 1975    0.0011   0.2249   0.0696  12.8610  15.2565   18.5339  -140.85
 12 1976    0.0019   0.2203   0.0690  12.7441  15.1353   18.7383  -141.78
 12 1977    0.0014   0.2148   0.0682  12.6283  15.0127   18.9401  -142.88
 12 1978    0.0017   0.2187   0.0687  12.5150  14.9040   19.1512  -143.65
 12 1979    0.0017   0.2200   0.0687  12.4026  14.7929   19.3593  -144.59
 12 1980    0.0027   0.2223   0.0687  12.2914  14.6850   19.5663  -145.52
 12 1981    0.0012   0.2091   0.0666  12.1787  14.5556   19.7546  -147.13
 12 1982    0.0018   0.2096   0.0664  12.0689  14.4468   19.9542  -148.23
 12 1983    0.0022   0.2063   0.0656  11.9594  14.3335   20.1472  -149.50
 12 1984    0.0013   0.1928   0.0585  11.8422  14.1948   20.3370  -151.36
 12 1985    0.0016   0.1948   0.0545  11.7277  14.0785   20.5410  -152.71
 12 1986    0.0021   0.2027   0.0523  11.6151  13.9723   20.7518  -153.86
 12 1987    0.0019   0.1980   0.0496  11.5021  13.8517   20.9453  -155.40
 12 1988    0.0017   0.1967   0.0479  11.3907  13.7369   21.1410  -156.84
 12 1989    0.0020   0.1952   0.0465  11.2801  13.6237   21.3334  -158.28
 12 1990    0.0022   0.1957   0.0456  11.1709  13.5144   21.5267  -159.67
 12 1991    0.0021   0.2032   0.0457  11.0639  13.4149   21.7298  -160.87
 12 1992    0.0018   0.1961   0.0443  10.9562  13.2984   21.9130  -162.47
 12 1993    0.0012   0.1850   0.0427  10.8488  13.1778   22.0872  -164.20
 12 1994    0.0021   0.1892   0.0428  10.7442  13.0782   22.2765  -165.49
 12 1995    0.0022   0.1978   0.0433  10.6414  12.9846   22.4738  -166.68
 12 1996    0.0018   0.1997   0.0432  10.5392  12.8839   22.6642  -168.06
 12 1997    0.0010   0.1892   0.0418  10.4363  12.7683   22.8363  -169.77
 12 1998    0.0010   0.1830   0.0409  10.3347  12.6597   23.0092  -171.36
 12 1999    0.0017   0.1811   0.0404  10.2345  12.5576   23.1838  -172.84
 12 2000    0.0006   0.1619   0.0383  10.1328  12.4336   23.3329  -174.81
 12 2001    0.0019   0.1633   0.0382  10.0343  12.3376   23.5013  -176.22
 12 2002    0.0012   0.1614   0.0379   9.9365  12.2370   23.6664  -177.75
 12 2003    0.0128   0.2635   0.0547   9.8864  12.3175   23.9077  -175.71
 12 2004    0.0204   0.3744   0.0721   9.8427  12.4095   24.1905  -173.50
 12 2005    0.0304   0.4910   0.0891   9.8041  12.5145   24.5070  -171.12
 12 2006    0.0766   0.7095   0.1166   9.7840  12.7867   24.9514  -165.67
 12 2007    0.0042   0.6516   0.1146   9.7367  12.6071   25.2030  -168.75
 12 2008    0.0093   0.6243   0.1095   9.6843  12.5275   25.4159  -169.99
 12 2009    0.0188   0.6531   0.1124   9.6410  12.5254   25.6898  -169.79
 12 2010    0.0068   0.6211   0.1085   9.5905  12.4269   25.9103  -171.41
 12 2011    0.0232   0.6634   0.1128   9.5493  12.4487   26.1934  -170.79
 12 2012    0.0065   0.6200   0.1078   9.4982  12.3325   26.4044  -172.75
 12 2013    0.0231   0.7207   0.1206   9.4689  12.4334   26.7657  -170.70
 12 2014    0.0145   0.7097   0.1193   9.4257  12.3691   27.0271  -171.69
 12 2015    0.0297   0.8256   0.1341   9.4034  12.4929   27.4338  -169.26
 12 2016    0.0209   0.8353   0.1355   9.3686  12.4604   27.7509  -169.68
 12 2017    0.0353   0.9325   0.1475   9.3479  12.5631   28.1644  -167.71
 12 2018    0.0229   0.9319   0.1476   9.3161  12.5185   28.4996  -168.34
 12 2019    0.0189   0.9360   0.1477   9.2848  12.4873   28.8356  -168.74
 12 2020    0.0217   0.9583   0.1499   9.2564  12.4863   29.1907  -168.60
 12 2021    0.0216   0.9924   0.1541   9.2317  12.4998   29.5699  -168.22
 12 2022    0.0243   1.0195   0.1571   9.2067  12.5077   29.9457  -167.95
 12 2023    0.0129   0.9717   0.1506   9.1708  12.4060   30.2433  -169.58
 12 2024    0.0325   1.0582   0.1609   9.1544  12.5060   30.6764  -167.71
 12 2025    0.0187   1.0773   0.1643   9.1334  12.4936   31.0752  -167.80
 12 2026    0.0516   1.1733   0.1744   9.1211  12.6204   31.5348  -165.51
 12 2027    0.0090   1.1071   0.1681   9.0922  12.4765   31.8767  -167.82
 12 2028    0.0372   1.2061   0.1791   9.0834  12.6058   32.3579  -165.51
 12 2029    0.0146   1.1880   0.1779   9.0629  12.5433   32.7565  -166.44
 12 2030    0.0278   1.2065   0.1787   9.0440  12.5570   33.1656  -166.08
 12 2031    0.0168   1.1873   0.1764   9.0221  12.5026   33.5521  -166.88
 12 2032    0.0496   1.2883   0.1875   9.0161  12.6415   34.0485  -164.45
 12 2033    0.0220   1.2688   0.1867   8.9993  12.5768   34.4695  -165.40
 12 2034    0.0487   1.3252   0.1918   8.9888  12.6545   34.9331  -163.99
 12 2035    0.0122   1.2447   0.1831   8.9633  12.5033   35.2913  -166.37
 12 2036    0.0464   1.3499   0.1948   8.9608  12.6518   35.8090  -163.81
 12 2037    0.0239   1.3494   0.1963   8.9497  12.6193   36.2670  -164.21
 12 2038    0.0228   1.3390   0.1944   8.9344  12.5907   36.6944  -164.56
 12 2039    0.0220   1.3090   0.1898   8.9151  12.5358   37.0924  -165.35
 12 2040    0.0233   1.2805   0.1853   8.8946  12.4837   37.4808  -166.09
 12 2041    0.0127   1.2221   0.1779   8.8693  12.3819   37.8341  -167.68
 12 2042    0.0322   1.2413   0.1790   8.8523  12.4049   38.2448  -167.17
 12 2043    0.0271   1.2572   0.1819   8.8388  12.4050   38.6788  -167.04
 12 2044    0.0454   1.3191   0.1891   8.8313  12.4849   39.1541  -165.58
 12 2045    0.0184   1.2686   0.1842   8.8110  12.3822   39.5396  -167.18
 12 2046    0.0538   1.3310   0.1898   8.8019  12.4766   40.0019  -165.49
 12 2047    0.0113   1.2407   0.1806   8.7769  12.3096   40.3520  -168.17
 12 2048    0.0364   1.3349   0.1919   8.7751  12.4383   40.8641  -165.89
