MON   YR       DPM      RPM      BIO      HUM    TOTAL       CO2     D14C
 12 1940    0.0000   3.6651   0.3798  16.3510  22.4960    1.5545  -103.59
 12 1941    0.0325   3.6226   0.4080  16.3652  22.5283    2.9626  -104.25
 12 1942    0.0070   3.1862   0.3741  16.3090  21.9763    3.8752  -106.93
 12 1943    0.0133   2.8354   0.3443  16.2435  21.5365    4.7173  -109.22
 12 1944    0.0046   2.4429   0.3057  16.1544  21.0077    5.3884  -111.90
 12 1945    0.0117   2.1812   0.2818  16.0691  20.6438    6.0787  -114.15
 12 1946    0.0083   1.9750   0.2641  15.9837  20.3310    6.7614  -116.18
 12 1947    0.0067   1.7491   0.2411  15.8843  19.9812    7.3386  -118.29
 12 1948    0.0108   1.6152   0.2295  15.7911  19.7466    7.9515  -119.96
 12 1949    0.0109   1.5147   0.2214  15.6990  19.5459    8.5649  -121.47
 12 1950    0.0104   1.4343   0.2149  15.6068  19.3663    9.1696  -122.69
 12 1951    0.0101   1.3747   0.2103  15.5154  19.2104    9.7734  -123.80
 12 1952    0.0193   1.3718   0.2122  15.4311  19.1344   10.4195  -124.53
 12 1953    0.0116   1.3015   0.2050  15.3368  18.9549   10.9885  -125.74
 12 1954    0.0094   1.2317   0.1970  15.2395  18.7776   11.5289  -126.89
 12 1955    0.0163   1.1894   0.1919  15.1433  18.6410   12.0689  -127.61
 12 1956    0.0079   1.0961   0.1805  15.0381  18.4226   12.5377  -128.72
 12 1957    0.0096   1.0800   0.1793  14.9430  18.3120   13.0697  -128.38
 12 1958    0.0116   1.0862   0.1810  14.8523  18.2312   13.6250  -126.88
 12 1959    0.0127   1.0555   0.1771  14.7555  18.1009   14.1296  -125.40
 12 1960    0.0096   1.0616   0.1787  14.6662  18.0161   14.6800  -123.91
 12 1961    0.0022   0.9273   0.1602  14.5514  17.7411   15.0431  -125.96
 12 1962    0.0022   0.8127   0.1443  14.4335  17.4927   15.3754  -127.55
 12 1963    0.0021   0.7232   0.1325  14.3157  17.2735   15.6982  -126.97
 12 1964    0.0018   0.6344   0.1208  14.1943  17.0514   15.9871  -127.65
 12 1965    0.0012   0.5544   0.1106  14.0713  16.8375   16.2545  -129.02
 12 1966    0.0021   0.5006   0.1040  13.9501  16.6567   16.5250  -129.40
 12 1967    0.0021   0.4602   0.0992  13.8301  16.4916   16.7939  -129.69
 12 1968    0.0018   0.4209   0.0944  13.7094  16.3265   17.0486  -130.53
 12 1969    0.0010   0.3755   0.0887  13.5867  16.1520   17.2797  -132.20
 12 1970    0.0010   0.3401   0.0843  13.4647  15.9901   17.5058  -133.66
 12 1971    0.0017   0.3135   0.0809  13.3436  15.8397   17.7287  -134.88
 12 1972    0.0006   0.2735   0.0757  13.2200  15.6698   17.9237  -137.06
 12 1973    0.0019   0.2574   0.0737  13.0998  15.5328   18.1331  -138.17
 12 1974    0.0011   0.2406   0.0717  12.9802  15.3936   18.3369  -139.50
 12 1975    0.0011   0.2249   0.0696  12.8610  15.2565   18.5339  -140.85
 12 1976    0.0019   0.2203   0.0690  12.7441  15.1353   18.7383  -141.78
 12 1977    0.0014   0.2148   0.0682  12.6283  15.0127   18.9401  -142.88
 12 1978    0.0017   0.2187   0.0687  12.5150  14.9040   19.1512  -143.65
 12 1979    0.0017   0.2200   0.0687  12.4026  14.7929   19.3593  -144.59
 12 1980    0.0027   0.2223   0.0687  12.2914  14.6850   19.5663  -145.52
 12 1981    0.0012   0.2091   0.0666  12.1787  14.5556   19.7546  -147.13
 12 1982    0.0018   0.2096   0.0664  12.0689  14.4468   19.9542  -148.23
 12 1983    0.0022   0.2063   0.0656  11.9594  14.3335   20.1472  -149.50
 12 1984    0.0013   0.1928   0.0585  11.8422  14.1948   20.3370  -151.36
 12 1985    0.0016   0.1948   0.0545  11.7277  14.0785   20.5410  -152.71
 12 1986    0.0021   0.2027   0.0523  11.6151  13.9723   20.7518  -153.86
 12 1987    0.0019   0.1980   0.0496  11.5021  13.8517   20.9453  -155.40
 12 1988    0.0017   0.1967   0.0479  11.3907  13.7369   21.1410  -156.84
 12 1989    0.0020   0.1952   0.0465  11.2801  13.6237   21.3334  -158.28
 12 1990    0.0022   0.1957   0.0456  11.1709  13.5144   21.5267  -159.67
 12 1991    0.0021   0.2032   0.0457  11.0639  13.4149   21.7298  -160.87
 12 1992    0.0018   0.1961   0.0443  10.9562  13.2984   21.9130  -162.47
 12 1993    0.0012   0.1850   0.0427  10.8488  13.1778   22.0872  -164.20
 12 1994    0.0021   0.1892   0.0428  10.7442  13.0782   22.2765  -165.49
 12 1995    0.0022   0.1978   0.0433  10.6414  12.9846   22.4738  -166.68
 12 1996    0.0018   0.1997   0.0432  10.5392  12.8839   22.6642  -168.06
 12 1997    0.0010   0.1892   0.0418  10.4363  12.7683   22.8363  -169.77
 12 1998    0.0010   0.1830   0.0409  10.3347  12.6597   23.0092  -171.36
 12 1999    0.0017   0.1811   0.0404  10.2345  12.5576   23.1838  -172.84
 12 2000    0.0006   0.1619   0.0383  10.1328  12.4336   23.3329  -174.81
 12 2001    0.0019   0.1633   0.0382  10.0343  12.3376   23.5013  -176.22
 12 2002    0.0012   0.1614   0.0379   9.9365  12.2370   23.6664  -177.75
 12 2003    0.0128   0.2635   0.0547   9.8864  12.3175   23.9077  -175.71
 12 2004    0.0204   0.3744   0.0721   9.8426  12.4096   24.1904  -173.50
 12 2005    0.0304   0.4915   0.0892   9.8042  12.5153   24.5079  -171.10
 12 2006    0.0667   0.6763   0.1127   9.7793  12.7350   24.9179  -166.63
 12 2007    0.0043   0.6247   0.1108   9.7307  12.5705   25.1606  -169.45
 12 2008    0.0089   0.5981   0.1060   9.6775  12.4904   25.3672  -170.70
 12 2009    0.0192   0.6285   0.1091   9.6334  12.4901   25.6349  -170.47
 12 2010    0.0059   0.5928   0.1048   9.5814  12.3850   25.8449  -172.22
 12 2011    0.0224   0.6377   0.1096   9.5397  12.4094   26.1235  -171.55
 12 2012    0.0067   0.5975   0.1049   9.4881  12.2972   26.3307  -173.44
 12 2013    0.0227   0.6967   0.1176   9.4578  12.3947   26.6839  -171.43
 12 2014    0.0149   0.6889   0.1167   9.4142  12.3346   26.9421  -172.35
 12 2015    0.0291   0.8010   0.1310   9.3906  12.4517   27.3385  -170.03
 12 2016    0.0215   0.8147   0.1329   9.3555  12.4246   27.6527  -170.35
 12 2017    0.0345   0.9089   0.1446   9.3336  12.5216   28.0579  -168.47
 12 2018    0.0238   0.9136   0.1453   9.3018  12.4845   28.3918  -168.97
 12 2019    0.0181   0.9139   0.1450   9.2693  12.4462   28.7189  -169.50
 12 2020    0.0223   0.9417   0.1478   9.2410  12.4529   29.0737  -169.22
 12 2021    0.0217   0.9763   0.1522   9.2159  12.4661   29.4492  -168.84
 12 2022    0.0407   1.0072   0.1541   9.1886  12.4907   29.8080  -168.28
 12 2023    0.0106   0.9616   0.1498   9.1550  12.3770   30.1205  -170.12
 12 2024    0.0307   1.0804   0.1646   9.1447  12.5203   30.5948  -167.50
 12 2025    0.0168   1.0560   0.1616   9.1162  12.4506   30.9412  -168.56
 12 2026    0.0228   1.0982   0.1665   9.0972  12.4847   31.3523  -167.84
 12 2027    0.0122   1.0492   0.1597   9.0650  12.3862   31.6695  -169.41
 12 2028    0.0520   1.1810   0.1746   9.0581  12.5657   32.1623  -166.21
 12 2029    0.0290   1.2041   0.1795   9.0439  12.5565   32.6040  -166.25
 12 2030    0.0320   1.2857   0.1902   9.0388  12.6468   33.1088  -164.62
 12 2031    0.0087   1.1848   0.1769   9.0062  12.4766   33.4194  -167.34
 12 2032    0.0276   1.2361   0.1821   8.9931  12.5389   33.8657  -166.18
 12 2033    0.0265   1.2214   0.1795   8.9721  12.4995   34.2548  -166.71
 12 2034    0.0414   1.2433   0.1809   8.9550  12.5206   34.6711  -166.23
 12 2035    0.0119   1.1868   0.1753   8.9304  12.4044   35.0331  -168.06
 12 2036    0.0386   1.2857   0.1869   8.9256  12.5369   35.5332  -165.72
 12 2037    0.0205   1.2444   0.1822   8.9041  12.4513   35.9155  -167.02
 12 2038    0.0287   1.2638   0.1840   8.8893  12.4658   36.3432  -166.65
 12 2039    0.0202   1.2398   0.1811   8.8694  12.4105   36.7348  -167.47
 12 2040    0.0351   1.3522   0.1958   8.8715  12.5546   37.2796  -164.96
 12 2041    0.0241   1.3167   0.1911   8.8533  12.4852   37.6814  -165.98
 12 2042    0.0363   1.4067   0.2026   8.8546  12.6002   38.2201  -163.97
 12 2043    0.0163   1.3380   0.1939   8.8336  12.4820   38.6018  -165.79
 12 2044    0.0582   1.4381   0.2042   8.8333  12.6337   39.1273  -163.18
 12 2045    0.0232   1.3809   0.1988   8.8173  12.5202   39.5430  -164.92
 12 2046    0.0310   1.3612   0.1949   8.8011  12.4881   39.9559  -165.33
 12 2047    0.0210   1.3198   0.1897   8.7826  12.4131   40.3514  -166.45
 12 2048    0.0650   1.4198   0.2000   8.7816  12.5664   40.8692  -163.82
