MON   YR       DPM      RPM      BIO      HUM    TOTAL       CO2     D14C
 12 1940    0.0000   3.6651   0.3798  16.3510  22.4960    1.5545  -103.59
 12 1941    0.0325   3.6226   0.4080  16.3652  22.5283    2.9626  -104.25
 12 1942    0.0070   3.1862   0.3741  16.3090  21.9763    3.8752  -106.93
 12 1943    0.0133   2.8354   0.3443  16.2435  21.5365    4.7173  -109.22
 12 1944    0.0046   2.4429   0.3057  16.1544  21.0077    5.3884  -111.90
 12 1945    0.0117   2.1812   0.2818  16.0691  20.6438    6.0787  -114.15
 12 1946    0.0083   1.9750   0.2641  15.9837  20.3310    6.7614  -116.18
 12 1947    0.0067   1.7491   0.2411  15.8843  19.9812    7.3386  -118.29
 12 1948    0.0108   1.6152   0.2295  15.7911  19.7466    7.9515  -119.96
 12 1949    0.0109   1.5147   0.2214  15.6990  19.5459    8.5649  -121.47
 12 1950    0.0104   1.4343   0.2149  15.6068  19.3663    9.1696  -122.69
 12 1951    0.0101   1.3747   0.2103  15.5154  19.2104    9.7734  -123.80
 12 1952    0.0193   1.3718   0.2122  15.4311  19.1344   10.4195  -124.53
 12 1953    0.0116   1.3015   0.2050  15.3368  18.9549   10.9885  -125.74
 12 1954    0.0094   1.2317   0.1970  15.2395  18.7776   11.5289  -126.89
 12 1955    0.0163   1.1894   0.1919  15.1433  18.6410   12.0689  -127.61
 12 1956    0.0079   1.0961   0.1805  15.0381  18.4226   12.5377  -128.72
 12 1957    0.0096   1.0800   0.1793  14.9430  18.3120   13.0697  -128.38
 12 1958    0.0116   1.0862   0.1810  14.8523  18.2312   13.6250  -126.88
 12 1959    0.0127   1.0555   0.1771  14.7555  18.1009   14.1296  -125.40
 12 1960    0.0096   1.0616   0.1787  14.6662  18.0161   14.6800  -123.91
 12 1961    0.0022   0.9273   0.1602  14.5514  17.7411   15.0431  -125.96
 12 1962    0.0022   0.8127   0.1443  14.4335  17.4927   15.3754  -127.55
 12 1963    0.0021   0.7232   0.1325  14.3157  17.2735   15.6982  -126.97
 12 1964    0.0018   0.6344   0.1208  14.1943  17.0514   15.9871  -127.65
 12 1965    0.0012   0.5544   0.1106  14.0713  16.8375   16.2545  -129.02
 12 1966    0.0021   0.5006   0.1040  13.9501  16.6567   16.5250  -129.40
 12 1967    0.0021   0.4602   0.0992  13.8301  16.4916   16.7939  -129.69
 12 1968    0.0018   0.4209   0.0944  13.7094  16.3265   17.0486  -130.53
 12 1969    0.0010   0.3755   0.0887  13.5867  16.1520   17.2797  -132.20
 12 1970    0.0010   0.3401   0.0843  13.4647  15.9901   17.5058  -133.66
 12 1971    0.0017   0.3135   0.0809  13.3436  15.8397   17.7287  -134.88
 12 1972    0.0006   0.2735   0.0757  13.2200  15.6698   17.9237  -137.06
 12 1973    0.0019   0.2574   0.0737  13.0998  15.5328   18.1331  -138.17
 12 1974    0.0011   0.2406   0.0717  12.9802  15.3936   18.3369  -139.50
 12 1975    0.0011   0.2249   0.0696  12.8610  15.2565   18.5339  -140.85
 12 1976    0.0019   0.2203   0.0690  12.7441  15.1353   18.7383  -141.78
 12 1977    0.0014   0.2148   0.0682  12.6283  15.0127   18.9401  -142.88
 12 1978    0.0017   0.2187   0.0687  12.5150  14.9040   19.1512  -143.65
 12 1979    0.0017   0.2200   0.0687  12.4026  14.7929   19.3593  -144.59
 12 1980    0.0027   0.2223   0.0687  12.2914  14.6850   19.5663  -145.52
 12 1981    0.0012   0.2091   0.0666  12.1787  14.5556   19.7546  -147.13
 12 1982    0.0018   0.2096   0.0664  12.0689  14.4468   19.9542  -148.23
 12 1983    0.0022   0.2063   0.0656  11.9594  14.3335   20.1472  -149.50
 12 1984    0.0013   0.1928   0.0585  11.8422  14.1948   20.3370  -151.36
 12 1985    0.0016   0.1948   0.0545  11.7277  14.0785   20.5410  -152.71
 12 1986    0.0021   0.2027   0.0523  11.6151  13.9723   20.7518  -153.86
 12 1987    0.0019   0.1980   0.0496  11.5021  13.8517   20.9453  -155.40
 12 1988    0.0017   0.1967   0.0479  11.3907  13.7369   21.1410  -156.84
 12 1989    0.0020   0.1952   0.0465  11.2801  13.6237   21.3334  -158.28
 12 1990    0.0022   0.1957   0.0456  11.1709  13.5144   21.5267  -159.67
 12 1991    0.0021   0.2032   0.0457  11.0639  13.4149   21.7298  -160.87
 12 1992    0.0018   0.1961   0.0443  10.9562  13.2984   21.9130  -162.47
 12 1993    0.0012   0.1850   0.0427  10.8488  13.1778   22.0872  -164.20
 12 1994    0.0021   0.1892   0.0428  10.7442  13.0782   22.2765  -165.49
 12 1995    0.0022   0.1978   0.0433  10.6414  12.9846   22.4738  -166.68
 12 1996    0.0018   0.1997   0.0432  10.5392  12.8839   22.6642  -168.06
 12 1997    0.0010   0.1892   0.0418  10.4363  12.7683   22.8363  -169.77
 12 1998    0.0010   0.1830   0.0409  10.3347  12.6597   23.0092  -171.36
 12 1999    0.0017   0.1811   0.0404  10.2345  12.5576   23.1838  -172.84
 12 2000    0.0006   0.1619   0.0383  10.1328  12.4336   23.3329  -174.81
 12 2001    0.0019   0.1633   0.0382  10.0343  12.3376   23.5013  -176.22
 12 2002    0.0012   0.1614   0.0379   9.9365  12.2370   23.6664  -177.75
 12 2003    0.0106   0.2608   0.0549   9.8785  12.3047   23.9205  -175.92
 12 2004    0.0274   0.4194   0.0784   9.8351  12.4602   24.2736  -172.38
 12 2005    0.0419   0.7198   0.1213   9.8262  12.8092   24.8669  -165.35
 12 2006    0.0358   0.7744   0.1289   9.7863  12.8255   25.2412  -164.72
 12 2007    0.0088   0.7115   0.1215   9.7302  12.6720   25.4988  -167.24
 12 2008    0.0158   0.7104   0.1200   9.6796  12.6257   25.7907  -167.81
 12 2009    0.0153   0.7321   0.1227   9.6345  12.6046   26.1186  -167.93
 12 2010    0.0127   0.7313   0.1223   9.5868  12.5531   26.4251  -168.63
 12 2011    0.0312   0.7816   0.1274   9.5459  12.5861   26.7765  -167.79
 12 2012    0.0127   0.7635   0.1261   9.4996  12.5018   27.0868  -169.09
 12 2013    0.0175   0.7897   0.1290   9.4585  12.4947   27.4308  -169.00
 12 2014    0.0156   0.7916   0.1290   9.4151  12.4513   27.7563  -169.58
 12 2015    0.0356   0.8670   0.1375   9.3830  12.5231   28.1577  -168.08
 12 2016    0.0169   0.8582   0.1374   9.3435  12.4559   28.5050  -169.09
 12 2017    0.0272   0.8894   0.1404   9.3078  12.4647   28.8766  -168.75
 12 2018    0.0261   0.8907   0.1402   9.2693  12.4263   29.2263  -169.26
 12 2019    0.0173   0.8758   0.1384   9.2295  12.3609   29.5639  -170.24
 12 2020    0.0165   0.8782   0.1385   9.1917  12.3249   29.9137  -170.70
 12 2021    0.0195   0.8888   0.1394   9.1554  12.3031   30.2706  -170.91
 12 2022    0.0301   0.8952   0.1390   9.1176  12.2820   30.6149  -171.12
 12 2023    0.0166   0.8741   0.1370   9.0785  12.2062   30.9479  -172.31
 12 2024    0.0119   0.8590   0.1351   9.0392  12.1452   31.2763  -173.24
 12 2025    0.0259   0.9048   0.1403   9.0085  12.1794   31.6626  -172.46
 12 2026    0.0154   0.9004   0.1404   8.9736  12.1297   32.0178  -173.18
 12 2027    0.0227   0.9013   0.1396   8.9376  12.1012   32.3626  -173.53
 12 2028    0.0278   0.9394   0.1444   8.9090  12.1206   32.7573  -173.01
 12 2029    0.0473   1.0245   0.1545   8.8888  12.2152   33.2091  -171.18
 12 2030    0.0220   1.0408   0.1587   8.8655  12.1871   33.6381  -171.51
 12 2031    0.0160   1.0064   0.1536   8.8317  12.1077   33.9910  -172.77
 12 2032    0.0165   0.9947   0.1515   8.8001  12.0628   34.3574  -173.41
 12 2033    0.0413   1.0384   0.1551   8.7751  12.1099   34.7681  -172.41
 12 2034    0.0326   1.0538   0.1579   8.7509  12.0953   35.1831  -172.51
 12 2035    0.0187   1.0514   0.1585   8.7255  12.0541   35.5878  -173.09
 12 2036    0.0181   1.0358   0.1559   8.6961  12.0059   35.9625  -173.80
 12 2037    0.0353   1.0601   0.1575   8.6712  12.0241   36.3671  -173.31
 12 2038    0.0222   1.0650   0.1593   8.6478  11.9942   36.7806  -173.68
 12 2039    0.0321   1.0977   0.1628   8.6271  12.0198   37.2119  -173.08
 12 2040    0.0196   1.1097   0.1653   8.6073  12.0019   37.6474  -173.25
 12 2041    0.0451   1.1543   0.1690   8.5889  12.0572   38.0917  -172.12
 12 2042    0.0198   1.1453   0.1696   8.5692  12.0040   38.5263  -172.91
 12 2043    0.0342   1.1627   0.1704   8.5493  12.0165   38.9573  -172.53
 12 2044    0.0282   1.1544   0.1694   8.5278  11.9798   39.3762  -173.02
 12 2045    0.0362   1.1738   0.1712   8.5096  11.9908   39.8167  -172.69
 12 2046    0.0255   1.1517   0.1687   8.4870  11.9330   40.2252  -173.58
 12 2047    0.0340   1.1593   0.1689   8.4668  11.9289   40.6487  -173.50
 12 2048    0.0346   1.1704   0.1703   8.4486  11.9239   41.0854  -173.44
