MON   YR       DPM      RPM      BIO      HUM    TOTAL       CO2     D14C
 12 1940    0.0000   3.6651   0.3798  16.3510  22.4960    1.5545  -103.59
 12 1941    0.0325   3.6226   0.4080  16.3652  22.5283    2.9626  -104.25
 12 1942    0.0070   3.1862   0.3741  16.3090  21.9763    3.8752  -106.93
 12 1943    0.0133   2.8354   0.3443  16.2435  21.5365    4.7173  -109.22
 12 1944    0.0046   2.4429   0.3057  16.1544  21.0077    5.3884  -111.90
 12 1945    0.0117   2.1812   0.2818  16.0691  20.6438    6.0787  -114.15
 12 1946    0.0083   1.9750   0.2641  15.9837  20.3310    6.7614  -116.18
 12 1947    0.0067   1.7491   0.2411  15.8843  19.9812    7.3386  -118.29
 12 1948    0.0108   1.6152   0.2295  15.7911  19.7466    7.9515  -119.96
 12 1949    0.0109   1.5147   0.2214  15.6990  19.5459    8.5649  -121.47
 12 1950    0.0104   1.4343   0.2149  15.6068  19.3663    9.1696  -122.69
 12 1951    0.0101   1.3747   0.2103  15.5154  19.2104    9.7734  -123.80
 12 1952    0.0193   1.3718   0.2122  15.4311  19.1344   10.4195  -124.53
 12 1953    0.0116   1.3015   0.2050  15.3368  18.9549   10.9885  -125.74
 12 1954    0.0094   1.2317   0.1970  15.2395  18.7776   11.5289  -126.89
 12 1955    0.0163   1.1894   0.1919  15.1433  18.6410   12.0689  -127.61
 12 1956    0.0079   1.0961   0.1805  15.0381  18.4226   12.5377  -128.72
 12 1957    0.0096   1.0800   0.1793  14.9430  18.3120   13.0697  -128.38
 12 1958    0.0116   1.0862   0.1810  14.8523  18.2312   13.6250  -126.88
 12 1959    0.0127   1.0555   0.1771  14.7555  18.1009   14.1296  -125.40
 12 1960    0.0096   1.0616   0.1787  14.6662  18.0161   14.6800  -123.91
 12 1961    0.0022   0.9273   0.1602  14.5514  17.7411   15.0431  -125.96
 12 1962    0.0022   0.8127   0.1443  14.4335  17.4927   15.3754  -127.55
 12 1963    0.0021   0.7232   0.1325  14.3157  17.2735   15.6982  -126.97
 12 1964    0.0018   0.6344   0.1208  14.1943  17.0514   15.9871  -127.65
 12 1965    0.0012   0.5544   0.1106  14.0713  16.8375   16.2545  -129.02
 12 1966    0.0021   0.5006   0.1040  13.9501  16.6567   16.5250  -129.40
 12 1967    0.0021   0.4602   0.0992  13.8301  16.4916   16.7939  -129.69
 12 1968    0.0018   0.4209   0.0944  13.7094  16.3265   17.0486  -130.53
 12 1969    0.0010   0.3755   0.0887  13.5867  16.1520   17.2797  -132.20
 12 1970    0.0010   0.3401   0.0843  13.4647  15.9901   17.5058  -133.66
 12 1971    0.0017   0.3135   0.0809  13.3436  15.8397   17.7287  -134.88
 12 1972    0.0006   0.2735   0.0757  13.2200  15.6698   17.9237  -137.06
 12 1973    0.0019   0.2574   0.0737  13.0998  15.5328   18.1331  -138.17
 12 1974    0.0011   0.2406   0.0717  12.9802  15.3936   18.3369  -139.50
 12 1975    0.0011   0.2249   0.0696  12.8610  15.2565   18.5339  -140.85
 12 1976    0.0019   0.2203   0.0690  12.7441  15.1353   18.7383  -141.78
 12 1977    0.0014   0.2148   0.0682  12.6283  15.0127   18.9401  -142.88
 12 1978    0.0017   0.2187   0.0687  12.5150  14.9040   19.1512  -143.65
 12 1979    0.0017   0.2200   0.0687  12.4026  14.7929   19.3593  -144.59
 12 1980    0.0027   0.2223   0.0687  12.2914  14.6850   19.5663  -145.52
 12 1981    0.0012   0.2091   0.0666  12.1787  14.5556   19.7546  -147.13
 12 1982    0.0018   0.2096   0.0664  12.0689  14.4468   19.9542  -148.23
 12 1983    0.0022   0.2063   0.0656  11.9594  14.3335   20.1472  -149.50
 12 1984    0.0013   0.1928   0.0585  11.8422  14.1948   20.3370  -151.36
 12 1985    0.0016   0.1948   0.0545  11.7277  14.0785   20.5410  -152.71
 12 1986    0.0021   0.2027   0.0523  11.6151  13.9723   20.7518  -153.86
 12 1987    0.0019   0.1980   0.0496  11.5021  13.8517   20.9453  -155.40
 12 1988    0.0017   0.1967   0.0479  11.3907  13.7369   21.1410  -156.84
 12 1989    0.0020   0.1952   0.0465  11.2801  13.6237   21.3334  -158.28
 12 1990    0.0022   0.1957   0.0456  11.1709  13.5144   21.5267  -159.67
 12 1991    0.0021   0.2032   0.0457  11.0639  13.4149   21.7298  -160.87
 12 1992    0.0018   0.1961   0.0443  10.9562  13.2984   21.9130  -162.47
 12 1993    0.0012   0.1850   0.0427  10.8488  13.1778   22.0872  -164.20
 12 1994    0.0021   0.1892   0.0428  10.7442  13.0782   22.2765  -165.49
 12 1995    0.0022   0.1978   0.0433  10.6414  12.9846   22.4738  -166.68
 12 1996    0.0018   0.1997   0.0432  10.5392  12.8839   22.6642  -168.06
 12 1997    0.0010   0.1892   0.0418  10.4363  12.7683   22.8363  -169.77
 12 1998    0.0010   0.1830   0.0409  10.3347  12.6597   23.0092  -171.36
 12 1999    0.0017   0.1811   0.0404  10.2345  12.5576   23.1838  -172.84
 12 2000    0.0006   0.1619   0.0383  10.1328  12.4336   23.3329  -174.81
 12 2001    0.0019   0.1633   0.0382  10.0343  12.3376   23.5013  -176.22
 12 2002    0.0012   0.1614   0.0379   9.9365  12.2370   23.6664  -177.75
 12 2003    0.0105   0.2628   0.0548   9.8868  12.3148   23.9103  -175.76
 12 2004    0.0069   0.2825   0.0600   9.8275  12.2769   24.0841  -176.19
 12 2005    0.0605   0.7271   0.1205   9.8428  12.8510   24.7793  -164.75
 12 2006    0.0320   0.7875   0.1313   9.8122  12.8631   25.1522  -164.25
 12 2007    0.0066   0.7227   0.1234   9.7611  12.7139   25.3789  -166.73
 12 2008    0.0361   0.8139   0.1331   9.7301  12.8132   25.7437  -164.68
 12 2009    0.0150   0.7940   0.1314   9.6885  12.7289   26.0321  -165.98
 12 2010    0.0028   0.7256   0.1220   9.6366  12.5871   26.2462  -168.34
 12 2011    0.0306   0.8392   0.1355   9.6116  12.7168   26.6455  -165.81
 12 2012    0.0192   0.8562   0.1384   9.5776  12.6913   26.9808  -166.08
 12 2013    0.0138   0.8597   0.1387   9.5416  12.6539   27.2998  -166.57
 12 2014    0.0224   0.8947   0.1424   9.5099  12.6694   27.6472  -166.13
 12 2015    0.0248   0.9429   0.1485   9.4832  12.6995   28.0276  -165.44
 12 2016    0.0226   0.9860   0.1543   9.4582  12.7210   28.4184  -164.93
 12 2017    0.0201   0.9911   0.1545   9.4280  12.6937   28.7707  -165.26
 12 2018    0.0424   1.0659   0.1625   9.4078  12.7786   29.1923  -163.69
 12 2019    0.0132   1.0232   0.1583   9.3753  12.6701   29.5259  -165.39
 12 2020    0.0246   1.1188   0.1704   9.3630  12.7768   29.9993  -163.45
 12 2021    0.0135   1.0839   0.1656   9.3324  12.6954   30.3435  -164.69
 12 2022    0.0543   1.1983   0.1778   9.3213  12.8517   30.8231  -161.98
 12 2023    0.0084   1.1191   0.1699   9.2898  12.6872   31.1588  -164.58
 12 2024    0.0323   1.2518   0.1863   9.2871  12.8575   31.6951  -161.65
 12 2025    0.0197   1.2324   0.1838   9.2652  12.8012   32.0963  -162.46
 12 2026    0.0203   1.2508   0.1857   9.2486  12.8054   32.5329  -162.27
 12 2027    0.0158   1.2052   0.1789   9.2213  12.7212   32.8936  -163.53
 12 2028    0.0405   1.3116   0.1916   9.2170  12.8608   33.4151  -161.15
 12 2029    0.0357   1.3697   0.1999   9.2113  12.9166   33.9256  -160.16
 12 2030    0.0313   1.4424   0.2100   9.2111  12.9948   34.4750  -158.82
 12 2031    0.0110   1.3399   0.1961   9.1828  12.8298   34.8261  -161.32
 12 2032    0.0257   1.3757   0.1995   9.1723  12.8733   35.3017  -160.52
 12 2033    0.0319   1.3705   0.1978   9.1564  12.8566   35.7376  -160.67
 12 2034    0.0300   1.3730   0.1980   9.1428  12.8439   36.1892  -160.76
 12 2035    0.0167   1.3435   0.1948   9.1252  12.7801   36.6121  -161.66
 12 2036    0.0381   1.4220   0.2040   9.1222  12.8863   37.1367  -159.88
 12 2037    0.0255   1.3909   0.2003   9.1060  12.8227   37.5676  -160.77
 12 2038    0.0289   1.3893   0.1995   9.0922  12.8099   38.0150  -160.85
 12 2039    0.0224   1.3773   0.1983   9.0779  12.7759   38.4577  -161.29
 12 2040    0.0302   1.4591   0.2092   9.0793  12.8778   39.0102  -159.58
 12 2041    0.0275   1.4374   0.2059   9.0654  12.8362   39.4551  -160.12
 12 2042    0.0306   1.5056   0.2152   9.0674  12.9187   40.0114  -158.73
 12 2043    0.0210   1.4615   0.2092   9.0522  12.8439   40.4467  -159.77
 12 2044    0.0547   1.5518   0.2189   9.0546  12.9800   41.0047  -157.55
 12 2045    0.0249   1.4959   0.2132   9.0413  12.8753   41.4521  -159.06
 12 2046    0.0291   1.4842   0.2108   9.0302  12.8544   41.9149  -159.29
 12 2047    0.0276   1.4733   0.2093   9.0196  12.8298   42.3799  -159.56
 12 2048    0.0451   1.5770   0.2226   9.0276  12.9724   42.9759  -157.26
