0 2 1.56 0.26 0.03 0 0.01 0.4593 0.1455 0.02133 0.01 0.000761813315824154 5.5
2 5 1.56 0.26 0.03 0 0.04 0.4593 0.1455 0.02133 0.01 0.000761813315824154 5.5
5 10 1.56 0.26 0.03 0 0.25 0.4593 0.1455 0.02133 0.01 0.000761813315824154 5.5
10 20 1.56 0.26 0.03 0 0.3 0.4593 0.1455 0.02133 0.01 0.000761813315824154 5.5
20 40 1.67 0.26 0.03 0 0.15 0.4593 0.1455 0.008612 0.01 0.000759931446559257 5.5
40 60 1.67 0.26 0.03 0 0.1 0.4593 0.1455 0.008612 0.01 0.000759931446559257 5.5
60 80 1.67 0.246082045164212 0.138191548789024 0 0.05 0.51 0.23 0.00378 0.01 0.000233962034117431 6.5
80 100 1.67 0.142239147698267 0.069170383097896 0 0.04 0.71 0.12 0.00378 0.01 0.00103132590605278 6.5
100 120 1.58 0.0694457368335963 0.022686983992 0 0.03 0.87 0.05 0.002 0.01 0.00287010514098272 6.5
120 140 1.58 0.0694457368335963 0.022686983992 0 0.02 0.87 0.05 0.002 0.01 0.00287010514098272 6.5
140 160 1.58 0.0694457368335963 0.022686983992 0 0.01 0.87 0.05 0.002 0.01 0.00287010514098272 6.5
160 180 1.52 0.0325596569661036 0.001 0 0 0.95 0.01 0.002 1e-04 0.00785102847477181 6.5
180 200 1.52 0.0325596569661036 0.001 0 0 0.95 0.01 0.002 1e-04 0.00785102847477181 6.5
