0 2 1.54 0.26 0.03 0 0.01 0.4767 0.135 0.02302 0.01 0.000850783345076627 5.5
2 5 1.54 0.26 0.03 0 0.04 0.4767 0.135 0.02302 0.01 0.000850783345076627 5.5
5 10 1.54 0.26 0.03 0 0.25 0.4767 0.135 0.02302 0.01 0.000850783345076627 5.5
10 20 1.54 0.26 0.03 0 0.3 0.4767 0.135 0.02302 0.01 0.000850783345076627 5.5
20 40 1.63 0.26 0.03 0 0.15 0.4767 0.135 0.008876 0.01 0.000848556602586734 5.5
40 60 1.63 0.26 0.03 0 0.1 0.4767 0.135 0.008876 0.01 0.000848556602586734 5.5
60 80 1.63 0.246111591613021 0.138209677348278 0 0.05 0.51 0.23 0.007098 0.01 0.000234100486858767 6.5
80 100 1.63 0.142276790671884 0.0691964347504936 0 0.04 0.71 0.12 0.007098 0.01 0.00103161620831676 6.5
100 120 1.58 0.0694457368335963 0.022686983992 0 0.03 0.87 0.05 0.002 0.01 0.00287010514098272 6.5
120 140 1.58 0.0694457368335963 0.022686983992 0 0.02 0.87 0.05 0.002 0.01 0.00287010514098272 6.5
140 160 1.58 0.0694457368335963 0.022686983992 0 0.01 0.87 0.05 0.002 0.01 0.00287010514098272 6.5
160 180 1.52 0.0325596569661036 0.001 0 0 0.95 0.01 0.002 1e-04 0.00785102847477181 6.5
180 200 1.52 0.0325596569661036 0.001 0 0 0.95 0.01 0.002 1e-04 0.00785102847477181 6.5
